00000010   1;
00000011   1;
01101111   1;
00101000   1;
00000100   1;
01100000   1;
00000100   1;
01100000   1;
00001100   1;
00000001   1;
10000000   1;
01000000   1;
00111111   1;
01111110   1;
00100000   1;
11000000   1;
00100011   1;
01111100   1;
01000000   1;
00111111   1;
00000010   1;
00000001   1;
01101111   1;
11000000   1;
11111100   1;
01111111   1;
00000011   1;
01111110   1;
01111111   1;
01100000   1;
01110100   1;
00000010   1;
00000001   1;
01110000   1;
00001110   1;
11110010   1;
00001000   1;
00000110   1;
01000000   1;
00010000   1;
00010000   1;
01000111   1;
01111100   1;
01111111   1;
00000010   1;
00000001   1;
00111111   1;
01111111   1;
00000011   1;
00000011   1;
01011111   1;
01000000   1;
00011111   1;
01000000   1;
00011001   1;
01011000   1;
00000001   1;
00000100   1;
11111000   1;
01111100   1;
00000001   1;
00000001   1;
10011110   1;
10011110   1;
00011010   1;
11111010   1;
10011101   1;
10000000   1;
10011000   1;
01000000   1;
00011111   1;
11100000   1;
00011111   1;
00011100   1;
01011111   1;
00000011   1;
11100000   1;
00011000   1;
00000111   1;
00100111   1;
00011000   1;
11111110   1;
01000000   1;
00111110   1;
01111111   1;
01110000   1;
00001111   1;
01011110   1;
01000000   1;
00010000   1;
00001111   1;
00000001   1;
00011000   1;
00000111   1;
01011111   1;
01100000   1;
01100000   1;
00100000   1;
01100011   1;
01100011   1;
01011111   1;
10011000   1;
00000100   1;
00000001   1;
10000001   1;
10000000   1;
10000000   1;
10000000   1;
10111111   1;
01000000   1;
01000000   1;
00111000   1;
00000001   1;
01000000   1;
00011001   1;
00000111   1;
01011000   1;
00000110   1;
01111000   1;
01111100   1;
00000010   1;
00111111   1;
11111000   1;
00000111   1;
10000000   1;
01111000   1;
01111000   1;
00000100   1;
01111111   1;
11111111   1;
01010001   1;
00001000   1;
00000100   1;
11001010   1;
00000001   1;
01001000   1;
00000100   1;
00000110   1;
01111100   1;
11110000   1;
00001101   1;
00111110   1;
00111011   1;
00000010   1;
11100000   1;
01100000   1;
00000100   1;
00000001   1;
01110111   1;
01110000   1;
00001111   1;
00001111   1;
01010000   1;
00011000   1;
00000001   1;
00000001   1;
10000000   1;
00110001   1;
00110001   1;
01111100   1;
10000000   1;
11011111   1;
01101111   1;
00011111   1;
01000000   1;
11100000   1;
00000011   1;
00000011   1;
10000000   1;
01111111   1;
11000000   1;
00100000   1;
00010000   1;
00001110   1;
00100000   1;
00010110   1;
01011111   1;
00000001   1;
10000000   1;
00001111   1;
01110000   1;
11111110   1;
00000001   1;
01001111   1;
11101110   1;
01111111   1;
01111111   1;
00010001   1;
00000001   1;
00001010   1;
00010000   1;
00001100   1;
01111100   1;
01000000   1;
00000110   1;
00000111   1;
01101110   1;
00001001   1;
00001000   1;
00000001   1;
00100000   1;
00110111   1;
10000000   1;
01111110   1;
01111100   1;
00000010   1;
00000001   1;
01111100   1;
01111111   1;
00000010   1;
00000001   1;
10000000   1;
01110000   1;
00000100   1;
01011000   1;
00000111   1;
10000000   1;
01000000   1;
00101000   1;
01000000   1;
00101000   1;
00100000   1;
11101010   1;
00111000   1;
00000100   1;
11000000   1;
00000100   1;
01111111   1;
01111111   1;
11001110   1;
00001110   1;
00000001   1;
00000001   1;
11011110   1;
01111100   1;
01111000   1;
01000111   1;
00110000   1;
10000000   1;
01000000   1;
00110000   1;
01000000   1;
00111101   1;
11111100   1;
11111000   1;
01000000   1;
00111110   1;
00000111   1;
10000000   1;
00000100   1;
01111000   1;
00100000   1;
00011100   1;
01111111   1;
01111000   1;
00000111   1;
00010000   1;
00001111   1;
00001111   1;
11010000   1;
00100000   1;
01110000   1;
00001111   1;
00000111   1;
01110000   1;
01100000   1;
00010000   1;
00000111   1;
10000000   1;
11000000   1;
01000000   1;
10000000   1;
10001100   1;
00000010   1;
10000000   1;
10111000   1;
01000101   1;
00010111   1;
00000111   1;
00000111   1;
10000000   1;
00001110   1;
10000000   1;
01110000   1;
00000110   1;
01010111   1;
01000000   1;
00110000   1;
00000111   1;
01011110   1;
00000001   1;
01001000   1;
00011000   1;
01111000   1;
00000011   1;
00000010   1;
01000000   1;
00011111   1;
01101111   1;
00010000   1;
10000000   1;
11111111   1;
01111000   1;
11001111   1;
00001100   1;
01000000   1;
00000001   1;
10000000   1;
00000011   1;
10000000   1;
00000011   1;
00000011   1;
00001010   1;
00001000   1;
10000000   1;
01011100   1;
11011100   1;
01011110   1;
11000000   1;
00000100   1;
00000011   1;
01100000   1;
00011010   1;
01100000   1;
00010110   1;
00100000   1;
00100000   1;
00001110   1;
00001110   1;
00000111   1;
00000001   1;
10000000   1;
00001110   1;
00111000   1;
00000111   1;
00110000   1;
00001111   1;
00000001   1;
00001110   1;
00000111   1;
11111010   1;
00000100   1;
01111000   1;
00000110   1;
00000001   1;
00000001   1;
00001011   1;
00001000   1;
01111110   1;
01000000   1;
00000010   1;
01111111   1;
01111000   1;
00000101   1;
11100000   1;
01100000   1;
01111000   1;
01101111   1;
00010000   1;
00000111   1;
00100000   1;
01011111   1;
01000000   1;
00000010   1;
00000001   1;
10000000   1;
00001000   1;
00000001   1;
00000001   1;
00000111   1;
01000000   1;
00000100   1;
00000001   1;
00000001   1;
10011100   1;
01101111   1;
01001100   1;
11111111   1;
01111111   1;
10011100   1;
01100000   1;
01111100   1;
00001000   1;
01110000   1;
11100000   1;
00010010   1;
00001010   1;
00000010   1;
00000001   1;
00000001   1;
10000000   1;
01011111   1;
11001111   1;
10100000   1;
01100000   1;
10000000   1;
10000000   1;
00010100   1;
00001111   1;
00000011   1;
01011110   1;
01111111   1;
00000001   1;
00000111   1;
00110000   1;
11000000   1;
00000110   1;
00000111   1;
00000001   1;
01011111   1;
01000000   1;
00011000   1;
00011111   1;
01011000   1;
00000111   1;
00011011   1;
00001111   1;
00110000   1;
01000000   1;
01000000   1;
00011110   1;
00011111   1;
00000001   1;
01111111   1;
01111111   1;
01000000   1;
00101000   1;
00011000   1;
01100000   1;
01111110   1;
01111100   1;
00111100   1;
00010000   1;
00010000   1;
01111111   1;
01111111   1;
01101101   1;
01100000   1;
01100011   1;
00000010   1;
00000011   1;
00001000   1;
00100111   1;
00001000   1;
00000111   1;
00011000   1;
00010000   1;
00000001   1;
00000001   1;
00000100   1;
00010000   1;
00010000   1;
00010000   1;
00000011   1;
00000011   1;
00000111   1;
00010100   1;
00000011   1;
00001000   1;
00000100   1;
00001111   1;
00001111   1;
00001100   1;
00000111   1;
00001111   1;
00000110   1;
00000100   1;
00000001   1;
00001000   1;
00001011   1;
00001010   1;
00000010   1;
00001100   1;
00000111   1;
00000001   1;
00001111   1;
00000001   1;
00000001   1;
00000001   1;
00000001   1;
00000001   1;
00000010   1;
00000010   1;
00000010   1;
01100111   1;
00100000   1;
00001100   1;
00000010   1;
00000010   1;
01000001   1;
00111100   1;
01111100   1;
11111100   1;
01111100   1;
00000001   1;
00000001   1;
00011000   1;
00100000   1;
00000101   1;
01111100   1;
00000011   1;
10000000   1;
01000000   1;
00000011   1;
00000011   1;
01000000   1;
10000000   1;
01111111   1;
01000000   1;
00110111   1;
00011111   1;
00011100   1;
00001100   1;
00001111   1;
00000010   1;
00000010   1;
00010000   1;
01000000   1;
01000000   1;
