011010000000 1 0;
010010000000 1 0;
000100110000 0 1;
000100000000 0 1;
000100000000 0 1;
000110000000 0 1;
000100000000 0 1;
000110010000 0 1;
000100110000 0 1;
000100000000 0 1;
000111000000 0 1;
000110000000 1 0;
001000011010 1 0;
000100100000 0 1;
000100000000 1 0;
000100100000 0 1;
000100000000 0 1;
000110100000 1 0;
000100000000 0 1;
000101110000 0 1;
000010000000 0 1;
000010000000 0 1;
000010000000 0 1;
001000100000 1 0;
000011000000 0 1;
000010110001 1 0;
000010000000 0 1;
000010000000 0 1;
000010110000 0 1;
000010110001 1 0;
000010000000 0 1;
000011100000 0 1;
000010000000 0 1;
000011100000 0 1;
001100000000 0 1;
000010000000 0 1;
000011000000 1 0;
000011110000 1 0;
000010000000 0 1;
000010000000 0 1;
000010000000 0 1;
000010010000 0 1;
000010000000 0 1;
000010010000 0 1;
000010000000 0 1;
001000000000 1 0;
000011110000 0 1;
000011000000 1 0;
000011110000 1 0;
000011000000 1 0;
000010000000 0 1;
000011000000 0 1;
000010000000 1 0;
000011100100 1 0;
000010000000 0 1;
000011100100 0 1;
001000100000 1 0;
000010011000 1 0;
000010000000 1 0;
000011100000 0 1;
000010000000 1 0;
000010000000 0 1;
000010000000 1 0;
000010000000 1 0;
000010000000 1 0;
000011100000 1 0;
000010000000 0 1;
001011110000 1 0;
000010000000 0 1;
000011110000 1 0;
000010100000 0 1;
000010000000 0 1;
000010000000 0 1;
000011000000 0 1;
000010100000 0 1;
000010010000 1 0;
000011000000 1 0;
000010000000 0 1;
001000000000 1 0;
000010000000 1 0;
000010000000 1 0;
000010001000 1 0;
000010110100 0 1;
000010000000 0 1;
000011000000 0 1;
000011001000 0 1;
000010000000 1 0;
000011000000 1 0;
000011000000 1 0;
001011000000 1 0;
000010110000 1 0;
000010110000 0 1;
000010000000 1 0;
000010000000 0 1;
000010000000 0 1;
000011000000 1 0;
000010000000 1 0;
000011100000 0 1;
000010000000 0 1;
000011110000 1 0;
001000000000 1 0;
000010000000 1 0;
000010000000 1 0;
000011000000 0 1;
000010000000 0 1;
000010000000 0 1;
000011000000 1 0;
000010000000 0 1;
000010100000 0 1;
000011100000 1 0;
000011000000 0 1;
010010000000 1 0;
001000000000 0 1;
000010000000 1 0;
000010000000 1 0;
000011000000 0 1;
000010000000 0 1;
000010000000 0 1;
000010000000 1 0;
000011000000 0 1;
000011101000 0 1;
000010100000 1 0;
000010110000 1 0;
001011000000 1 0;
000011011000 1 0;
000010000000 1 0;
000010000000 0 1;
000010000000 0 1;
000011000000 0 1;
000010100000 0 1;
000011100000 0 1;
000011101000 0 1;
000010000000 1 0;
000011000000 1 0;
001100000000 1 0;
000010000000 0 1;
000010101001 0 1;
000010000000 0 1;
000011000000 0 1;
000011000000 0 1;
000011100000 1 0;
000011000000 1 0;
000010111000 1 0;
000010111000 1 0;
000010100000 1 0;
001001000100 1 0;
000010000000 0 1;
000010000000 0 1;
000010000000 1 0;
000010000000 0 1;
000011110000 1 0;
000011000000 1 0;
000011001000 0 1;
000011000000 1 0;
000011000000 0 1;
000011000000 0 1;
001011000000 1 0;
000011100000 0 1;
000010000000 1 0;
000010000000 0 1;
000011000000 0 1;
000010000000 0 1;
000010000000 1 0;
000011000000 0 1;
000011000000 0 1;
000011000000 0 1;
000010011000 0 1;
001101000000 0 1;
000010000000 1 0;
000010100000 0 1;
000010100000 0 1;
000010000000 1 0;
000011000000 0 1;
000010010000 0 1;
000010100011 1 0;
000010110000 1 0;
000011010000 0 1;
000010001100 1 0;
001001000000 1 0;
000010000000 0 1;
000010000000 1 0;
000011101100 1 0;
000010000000 0 1;
000010000000 0 1;
000010000000 0 1;
000010100000 0 1;
000010000000 1 0;
000010100000 0 1;
000010000000 0 1;
001100100000 1 0;
000011000000 1 0;
000011000000 0 1;
000010100000 0 1;
000010100000 1 0;
000010000000 0 1;
000010000000 0 1;
000010000000 1 0;
000011100000 0 1;
000011110000 1 0;
000010000000 0 1;
001010000000 1 0;
000010001000 0 1;
000010010000 1 0;
000010110000 1 0;
000010000000 1 0;
000011010000 1 0;
000011000000 1 0;
000010100000 1 0;
000010000000 1 0;
000010000000 0 1;
000010100100 0 1;
001000101000 1 0;
000011000000 0 1;
000010000000 1 0;
000010000000 1 0;
000010101000 0 1;
000010100000 1 0;
000011000000 1 0;
000010001000 0 1;
000010000000 0 1;
000011010000 0 1;
000011000000 0 1;
010000000000 1 0;
001011000000 1 0;
000010100000 0 1;
000010000000 0 1;
000011101000 1 0;
000010000000 1 0;
000010000000 0 1;
000010000000 1 0;
000010100000 1 0;
000010100100 1 0;
000010001000 1 0;
000011000000 0 1;
001000000000 1 0;
000011110000 0 1;
000011100000 1 0;
000010011000 0 1;
000010000000 0 1;
000010100010 1 0;
000011100000 0 1;
000010000000 1 0;
000010100000 0 1;
000010000000 1 0;
000010110000 0 1;
000100000000 1 0;
000010100000 0 1;
000010100000 0 1;
000010000000 1 0;
000011111000 0 1;
000011001000 1 0;
000011000000 1 0;
000011000000 1 0;
000010000000 1 0;
000010000000 0 1;
000011100000 0 1;
000100101000 1 0;
000010101100 1 0;
000011011000 0 1;
000010100000 1 0;
000010100000 1 0;
000010000000 1 0;
000011110000 1 0;
000011000100 1 0;
000011110000 0 1;
000010000000 1 0;
000010000000 1 0;
000111000000 0 1;
000011000000 0 1;
000010100000 1 0;
000011110100 1 0;
000011000000 1 0;
000001100000 1 0;
000001110000 0 1;
000001000000 0 1;
000001000000 0 1;
000001000000 0 1;
000001110000 1 0;
000101000000 0 1;
000001100000 1 0;
000001000000 0 1;
000001000000 0 1;
000001000000 0 1;
000001000000 0 1;
000001000000 0 1;
000001000000 0 1;
000001111100 1 0;
000001000000 1 0;
000001100000 0 1;
000101100100 1 0;
000001100000 1 0;
000001100000 0 1;
000001000000 1 0;
000001000000 0 1;
000001111100 0 1;
000001011000 0 1;
000001110000 1 0;
000001000100 1 0;
000001000000 0 1;
000001101000 0 1;
000100000000 1 0;
000001000000 1 0;
000001100000 0 1;
000001000000 0 1;
000001000000 0 1;
000001000000 1 0;
000001000000 0 1;
000001100000 0 1;
000001000000 1 0;
000001100000 0 1;
000001000000 0 1;
000100000000 0 1;
000001001100 1 0;
000001100000 0 1;
000001100000 0 1;
000001000000 1 0;
000001000000 0 1;
000001100000 0 1;
000001100000 0 1;
000001000000 1 0;
000001000000 0 1;
000001011000 0 1;
000100011000 1 0;
000001000000 0 1;
000001001000 1 0;
000001100000 0 1;
000001000000 0 1;
000001000000 0 1;
000001000000 1 0;
000001000100 1 0;
000001110000 1 0;
000001000000 1 0;
000001110000 1 0;
010001010000 1 0;
000100000000 0 1;
000001100000 0 1;
000001100000 1 0;
000001111000 1 0;
000001000000 0 1;
000001100000 0 1;
000001000000 0 1;
000001000000 0 1;
000001001000 0 1;
000001010000 0 1;
000001000000 0 1;
000100110100 0 1;
000001000000 0 1;
000001010000 0 1;
000001000000 0 1;
000001000000 0 1;
000001100000 0 1;
000001000000 0 1;
000001000000 0 1;
000001101001 0 1;
000001100000 0 1;
000001000000 0 1;
000100000000 0 1;
000001000001 0 1;
000001000100 1 0;
000001000000 0 1;
000001000000 0 1;
000001000000 0 1;
000001110000 1 0;
000001110000 0 1;
000001100000 0 1;
000001000000 0 1;
000001000000 0 1;
000100000000 0 1;
000001000000 0 1;
000001000000 0 1;
000001001000 0 1;
000001000000 0 1;
000001000000 1 0;
000001000000 1 0;
000001000000 0 1;
000001111000 1 0;
000001000000 0 1;
000001000000 0 1;
000100000000 0 1;
000001100100 0 1;
000001100000 0 1;
000001001000 1 0;
000001000000 0 1;
000001100000 0 1;
000001000000 1 0;
000001000000 0 1;
000001001000 1 0;
000001010000 0 1;
000001000000 0 1;
000100000000 0 1;
000001000000 0 1;
000001000000 0 1;
000001000000 0 1;
000001110000 0 1;
000001000000 0 1;
000001110000 1 0;
000001100000 0 1;
000001000000 1 0;
000001000000 1 0;
000001000000 1 0;
000110000000 0 1;
000001000000 0 1;
000001000000 0 1;
000001000000 0 1;
000001010000 0 1;
000001000000 0 1;
000001110000 1 0;
000001000000 0 1;
000001010000 0 1;
000001010000 0 1;
000001101000 1 0;
000100000000 1 0;
000001100000 0 1;
000001010000 0 1;
000001011000 0 1;
000001000000 1 0;
000001111000 1 0;
000001000000 1 0;
000001000000 1 0;
000001000000 0 1;
000001100000 0 1;
000001100000 0 1;
000100000010 1 0;
000001100000 0 1;
000001100000 0 1;
000001010000 0 1;
000001000000 0 1;
000001010000 0 1;
000001010001 1 0;
000001010100 0 1;
000001000000 0 1;
000001000000 0 1;
000001000000 1 0;
000100000000 0 1;
000001000000 1 0;
000001000000 0 1;
000001000000 0 1;
000001000000 0 1;
000001110000 0 1;
000001000000 1 0;
000001000000 0 1;
000001100000 0 1;
000001010000 1 0;
000001010010 1 0;
011011101000 1 0;
000100000000 1 0;
000001100000 0 1;
000001000000 1 0;
000001000000 0 1;
000001000000 0 1;
000001000000 1 0;
000001110000 0 1;
000001111000 1 0;
000001000000 0 1;
000001000000 1 0;
000001111000 0 1;
000110000000 0 1;
000001100000 0 1;
000001111100 0 1;
000001000000 0 1;
000001000000 1 0;
000001000000 0 1;
000001010000 0 1;
000001011000 1 0;
000001000000 1 0;
000001000000 1 0;
000001000000 0 1;
000100100000 1 0;
000001111000 1 0;
000001101110 0 1;
000001100000 0 1;
000001100000 0 1;
000001111000 1 0;
000001000000 0 1;
000001001000 1 0;
000001110000 1 0;
000001110000 1 0;
000001000000 1 0;
000100000000 0 1;
000001000000 0 1;
000001000000 0 1;
000001100000 0 1;
000001000000 0 1;
000001000000 0 1;
000001111000 1 0;
000001000000 1 0;
000001000000 1 0;
000001100000 1 0;
000001100000 0 1;
000101000000 0 1;
000001000000 1 0;
000001000000 0 1;
000001000000 0 1;
000001000000 1 0;
000001100100 1 0;
000001011100 1 0;
000001000000 0 1;
000000111000 1 0;
000000101001 0 1;
000000100000 1 0;
000100000000 0 1;
000000101100 0 1;
000000100000 1 0;
000000100000 1 0;
000000110000 1 0;
000000110000 0 1;
000000111000 1 0;
000000101000 0 1;
000000101000 0 1;
000000100000 1 0;
000000110000 0 1;
000101100000 0 1;
000000100000 0 1;
000000111000 0 1;
000000100000 0 1;
000000100000 0 1;
000000100000 0 1;
000000110000 1 0;
000000110000 1 0;
000000100000 0 1;
000000100000 1 0;
000000110000 1 0;
000110010000 0 1;
000000100000 0 1;
000000100010 0 1;
000000110000 0 1;
000000110000 1 0;
000000100000 0 1;
000000100000 0 1;
000000100000 0 1;
000000111000 0 1;
000000100000 1 0;
000000101000 1 0;
000111110100 0 1;
000000111000 0 1;
000000110100 1 0;
000000100000 0 1;
000000110000 0 1;
000000100100 1 0;
000000100000 0 1;
000000100000 0 1;
000000111000 1 0;
000000110000 1 0;
000000100000 1 0;
000100000000 1 0;
000000110000 1 0;
000000101000 1 0;
000000100000 0 1;
000000100000 1 0;
000000100000 0 1;
000000100000 1 0;
000000100000 1 0;
000000111011 0 1;
000000110000 1 0;
000000110000 1 0;
010000100000 1 0;
000100000000 0 1;
000000101000 0 1;
000000100000 0 1;
000000110000 1 0;
000000110000 0 1;
000000100000 0 1;
000000101000 0 1;
000000101000 0 1;
000000100000 0 1;
000000110000 0 1;
000000101000 1 0;
000100000000 0 1;
000000111000 0 1;
000000101000 0 1;
000000100100 0 1;
000000100000 0 1;
000000100000 0 1;
000000101000 0 1;
000000111100 0 1;
000000101000 0 1;
000000100000 0 1;
000000110000 0 1;
000100000000 1 0;
000000100000 0 1;
000000110000 0 1;
000000110000 0 1;
000000110000 0 1;
000000110000 1 0;
000000110000 0 1;
000000101000 1 0;
000000111000 1 0;
000000100011 1 0;
000000101000 0 1;
000100110101 0 1;
000000110000 0 1;
000000110000 0 1;
000000100000 0 1;
000000101100 1 0;
000000101000 1 0;
000000100000 0 1;
000000111110 1 0;
000000110000 0 1;
000000101000 1 0;
000000100000 0 1;
000100101000 1 0;
000000111000 1 0;
000000111000 0 1;
000000111000 0 1;
000000100000 1 0;
000000100000 0 1;
000000100000 0 1;
000000100000 0 1;
000000110000 0 1;
000000111000 1 0;
000000101000 0 1;
000101000000 0 1;
000000100010 0 1;
000000100000 0 1;
000000110000 1 0;
000000100100 0 1;
000000110000 0 1;
000000101000 1 0;
000000100100 1 0;
000000110000 1 0;
000000100000 1 0;
000000010000 0 1;
000111000000 0 1;
000000011000 0 1;
000000011100 0 1;
000000010000 0 1;
000000011000 1 0;
000000010000 1 0;
000000010000 0 1;
000000011000 1 0;
000000010000 0 1;
000000010000 0 1;
000000010000 1 0;
000100000000 0 1;
000000010000 1 0;
000000010000 0 1;
000000010000 1 0;
000000010000 1 0;
000000010000 1 0;
000000010000 0 1;
000000010000 0 1;
000000010010 0 1;
000000010000 1 0;
000000010000 1 0;
000100000000 0 1;
000000010000 0 1;
000000010000 0 1;
000000010000 1 0;
000000010000 1 0;
000000010000 0 1;
000000011000 1 0;
000000010000 1 0;
000000010000 0 1;
000000010000 0 1;
000000011000 0 1;
000111111000 1 0;
000000010000 0 1;
000000010000 1 0;
000000011010 1 0;
000000010000 0 1;
000000010000 0 1;
000000010000 0 1;
000000001000 1 0;
000000001000 0 1;
000000001000 0 1;
000000001000 1 0;
010001010000 1 0;
000111010000 0 1;
000000001100 0 1;
000000001000 0 1;
000000001000 1 0;
000000001010 0 1;
000000001000 1 0;
000000001000 1 0;
000000001000 0 1;
000000001000 1 0;
000000001000 1 0;
000000001000 1 0;
000110000000 1 0;
000000001000 1 0;
000000000110 1 0;
000000000101 0 1;
000000000010 1 0;
000110000000 0 1;
000100000000 1 0;
000101000000 1 0;
000101010000 1 0;
000100000000 1 0;
000100110000 1 0;
000111000000 1 0;
000110000000 0 1;
010101000000 1 0;
000111000000 0 1;
000101010000 1 0;
000100000000 1 0;
000100000000 0 1;
000100000000 0 1;
000100000000 0 1;
000100100000 0 1;
000110100000 0 1;
000110000000 0 1;
000110000000 0 1;
010100110000 1 0;
000110000000 0 1;
000110000000 1 0;
000101000000 1 0;
000100010100 0 1;
000110101000 1 0;
000100000000 1 0;
000100000000 1 0;
000100011000 0 1;
000110000000 0 1;
000101000000 0 1;
