H: S:
/* Non-Breeder=1 	*/
/* Breeder=2		*/
000010000000002000  1 
000000000001000002  1 
000000000001000002  1 
000000000001000002  1 
000000000001000002  1 
000000000001000002  1 
000000000001000020  1 
000000000001000020  1 
000000000001000200  1 
000000000001000200  1 
000000000001002000  1 
000000000001002002  1 
000010000000002020  1 
000000000010000002  1 
000000000010000002  1 
000000000010000002  1 
000000000010000002  1 
000000000010000002  1 
000000000010000002  1 
000000000010000002  1 
000000000010000002  1 
000000000010000002  1 
000000000010000002  1 
000000000010000002  1 
000000000010000002  1 
000000000010000002  1 
000000000010000002  1 
000000000010000002  1 
000000000010000002  1 
000000000010000020  1 
000000000010000020  1 
000000000010000020  1 
000000000010000020  1 
000000000010000020  1 
000000000010000022  1 
000000000010000022  1 
000000000010000200  1 
000000000010000200  1 
000000000010000200  1 
000000000010000202  1 
000000000010000202  1 
000000000010000202  1 
000000000010000202  1 
000000000010000220  1 
000000000010002000  1 
000000000010002000  1 
000000000010002000  1 
000000000010002000  1 
000000000010002000  1 
000000000010002000  1 
000000000010002000  1 
000000000010002000  1 
000000000010002000  1 
000000000010002000  1 
000000000010002000  1 
000000000010002000  1 
000000000010002000  1 
000000000010002000  1 
000000000010002000  1 
000000000010002000  1 
000000000010002000  1 
000000000010002002  1 
000000000010002002  1 
000000000010002002  1 
000000000010002022  1 
000000000010002220  1 
000010000000022020  1 
000000000100000002  1 
000000000100000002  1 
000000000100000002  1 
000000000100000002  1 
000000000100000002  1 
000000000100000002  1 
000000000100000002  1 
000000000100000002  1 
000000000100000002  1 
000000000100000002  1 
000000000100000002  1 
000000000100000002  1 
000000000100000002  1 
000000000100000002  1 
000000000100000002  1 
000000000100000002  1 
000000000100000002  1 
000000000100000002  1 
000000000100000002  1 
000000000100000002  1 
000000000100000002  1 
000000000100000002  1 
000000000100000020  1 
000000000100000020  1 
000000000100000020  1 
000000000100000020  1 
000000000100000020  1 
000000000100000020  1 
000000000100000020  1 
000000000100000020  1 
000000000100000020  1 
000000000100000020  1 
000000000100000020  1 
000000000100000020  1 
000000000100000022  1 
000000000100000200  1 
000000000100000200  1 
000000000100000200  1 
000000000100000200  1 
000000000100000200  1 
000000000100000200  1 
000000000100000200  1 
000000000100000200  1 
000000000100000200  1 
000000000100000200  1 
000000000100000200  1 
000000000100000200  1 
000000000100000202  1 
000000000100000202  1 
000000000100000202  1 
000000000100000202  1 
000000000100000220  1 
000000000100002000  1 
000000000100002000  1 
000000000100002000  1 
000000000100002000  1 
000000000100002000  1 
000000000100002000  1 
000000000100002000  1 
000000000100002000  1 
000000000100002000  1 
000000000100002000  1 
000000000100002000  1 
000000000100002000  1 
000000000100002000  1 
000000000100002000  1 
000000000100002000  1 
000000000100002000  1 
000000000100002000  1 
000000000100002000  1 
000000000100002000  1 
000000000100002000  1 
000000000100002000  1 
000000000100002000  1 
000000000100002000  1 
000000000100002000  1 
000000000100002000  1 
000000000100002002  1 
000000000100002002  1 
000000000100002002  1 
000000000100002020  1 
000000000100002020  1 
000000000100002020  1 
000000000100002020  1 
000000000100002022  1 
000000000100002200  1 
000000000100002200  1 
000000000100002202  1 
000000000100020002  1 
000000000100020200  1 
000000000100022000  1 
000010000020000022  1 
000000001000000002  1 
000000001000000002  1 
000000001000000002  1 
000000001000000002  1 
000000001000000002  1 
000000001000000002  1 
000000001000000002  1 
000000001000000002  1 
000000001000000002  1 
000000001000000002  1 
000000001000000002  1 
000000001000000002  1 
000000001000000002  1 
000000001000000002  1 
000000001000000002  1 
000000001000000002  1 
000000001000000002  1 
000000001000000002  1 
000000001000000002  1 
000000001000000002  1 
000000001000000002  1 
000000001000000002  1 
000000001000000002  1 
000000001000000002  1 
000000001000000020  1 
000000001000000020  1 
000000001000000020  1 
000000001000000020  1 
000000001000000020  1 
000000001000000020  1 
000000001000000020  1 
000000001000000020  1 
000000001000000020  1 
000000001000000020  1 
000000001000000020  1 
000000001000000200  1 
000000001000000200  1 
000000001000000200  1 
000000001000000200  1 
000000001000000200  1 
000000001000000200  1 
000000001000000200  1 
000000001000000200  1 
000000001000000200  1 
000000001000000200  1 
000000001000000200  1 
000000001000000202  1 
000000001000000202  1 
000000001000000202  1 
000000001000000202  1 
000000001000000202  1 
000000001000000202  1 
000000001000000202  1 
000000001000000202  1 
000000001000000220  1 
000000001000000222  1 
000000001000000222  1 
000000001000000222  1 
000000001000000222  1 
000000001000002000  1 
000000001000002000  1 
000000001000002000  1 
000000001000002000  1 
000000001000002000  1 
000000001000002000  1 
000000001000002000  1 
000000001000002000  1 
000000001000002000  1 
000000001000002000  1 
000000001000002000  1 
000000001000002000  1 
000000001000002000  1 
000000001000002000  1 
000000001000002000  1 
000000001000002000  1 
000000001000002000  1 
000000001000002000  1 
000000001000002000  1 
000000001000002000  1 
000000001000002000  1 
000000001000002000  1 
000000001000002000  1 
000000001000002002  1 
000000001000002002  1 
000000001000002002  1 
000000001000002002  1 
000000001000002002  1 
000000001000002002  1 
000000001000002002  1 
000000001000002002  1 
000000001000002020  1 
000000001000002020  1 
000000001000002020  1 
000000001000002020  1 
000000001000002020  1 
000000001000002020  1 
000000001000002020  1 
000000001000002020  1 
000000001000002020  1 
000000001000002020  1 
000000001000002022  1 
000000001000002022  1 
000000001000002200  1 
000000001000002200  1 
000000001000002200  1 
000000001000002200  1 
000000001000002200  1 
000000001000002200  1 
000000001000002202  1 
000000001000002220  1 
000000001000002220  1 
000000001000002222  1 
000000001000020000  1 
000000001000020000  1 
000000001000020000  1 
000000001000020000  1 
000000001000020022  1 
000000001000020202  1 
000000001000022000  1 
000000001000022000  1 
000000001000022000  1 
000000001000022000  1 
000000001000022000  1 
000000001000022002  1 
000000001000022002  1 
000000001000022002  1 
000000001000022002  1 
000000001000022200  1 
000010000220002002  1 
000000010000000002  1 
000000010000000002  1 
000000010000000002  1 
000000010000000002  1 
000000010000000002  1 
000000010000000002  1 
000000010000000002  1 
000000010000000002  1 
000000010000000002  1 
000000010000000002  1 
000000010000000002  1 
000000010000000002  1 
000000010000000002  1 
000000010000000002  1 
000000010000000002  1 
000000010000000002  1 
000000010000000002  1 
000000010000000002  1 
000000010000000002  1 
000000010000000002  1 
000000010000000002  1 
000000010000000002  1 
000000010000000020  1 
000000010000000020  1 
000000010000000020  1 
000000010000000020  1 
000000010000000020  1 
000000010000000020  1 
000000010000000200  1 
000000010000000200  1 
000000010000000200  1 
000000010000000200  1 
000000010000000200  1 
000000010000000200  1 
000000010000000200  1 
000000010000000200  1 
000000010000000200  1 
000000010000000200  1 
000000010000000200  1 
000000010000000200  1 
000000010000000200  1 
000000010000000200  1 
000000010000000202  1 
000000010000000202  1 
000000010000000202  1 
000000010000000202  1 
000000010000000220  1 
000000010000000220  1 
000000010000002000  1 
000000010000002000  1 
000000010000002000  1 
000000010000002000  1 
000000010000002000  1 
000000010000002000  1 
000000010000002000  1 
000000010000002000  1 
000000010000002000  1 
000000010000002000  1 
000000010000002000  1 
000000010000002000  1 
000000010000002000  1 
000000010000002000  1 
000000010000002000  1 
000000010000002000  1 
000000010000002000  1 
000000010000002000  1 
000000010000002000  1 
000000010000002000  1 
000000010000002000  1 
000000010000002000  1 
000000010000002000  1 
000000010000002000  1 
000000010000002000  1 
000000010000002000  1 
000000010000002000  1 
000000010000002000  1 
000000010000002000  1 
000000010000002002  1 
000000010000002002  1 
000000010000002002  1 
000000010000002002  1 
000000010000002002  1 
000000010000002002  1 
000000010000002002  1 
000000010000002020  1 
000000010000002020  1 
000000010000002020  1 
000000010000002020  1 
000000010000002020  1 
000000010000002020  1 
000000010000002022  1 
000000010000002022  1 
000000010000002022  1 
000000010000002200  1 
000000010000002200  1 
000000010000002200  1 
000000010000002200  1 
000000010000002200  1 
000000010000002200  1 
000000010000002200  1 
000000010000002202  1 
000000010000002202  1 
000000010000002202  1 
000000010000002202  1 
000000010000002202  1 
000000010000002202  1 
000000010000002202  1 
000000010000002202  1 
000000010000002220  1 
000000010000002220  1 
000000010000020000  1 
000000010000020000  1 
000000010000020000  1 
000000010000020000  1 
000000010000020002  1 
000000010000020002  1 
000000010000020002  1 
000000010000020002  1 
000000010000020002  1 
000000010000020022  1 
000000010000020200  1 
000000010000020200  1 
000000010000020220  1 
000000010000020220  1 
000000010000022000  1 
000000010000022000  1 
000000010000022000  1 
000000010000022002  1 
000000010000022020  1 
000000010000022022  1 
000000010000022022  1 
000000010000022200  1 
000000010000200200  1 
000000010000222202  1 
000000010002000202  1 
000000010002002002  1 
000100000000022200  1 
000000100000000002  1 
000000100000000002  1 
000000100000000002  1 
000000100000000002  1 
000000100000000002  1 
000000100000000002  1 
000000100000000002  1 
000000100000000002  1 
000000100000000002  1 
000000100000000002  1 
000000100000000002  1 
000000100000000002  1 
000000100000000002  1 
000000100000000002  1 
000000100000000020  1 
000000100000000020  1 
000000100000000020  1 
000000100000000020  1 
000000100000000020  1 
000000100000000020  1 
000000100000000020  1 
000000100000000022  1 
000000100000000022  1 
000000100000000022  1 
000000100000000022  1 
000000100000000200  1 
000000100000000200  1 
000000100000000200  1 
000000100000000200  1 
000000100000000200  1 
000000100000000200  1 
000000100000000200  1 
000000100000000200  1 
000000100000000200  1 
000000100000000200  1 
000000100000000200  1 
000000100000000200  1 
000000100000000200  1 
000000100000000200  1 
000000100000000200  1 
000000100000000200  1 
000000100000000200  1 
000000100000000200  1 
000000100000000200  1 
000000100000000202  1 
000000100000000202  1 
000000100000000202  1 
000000100000000202  1 
000000100000000220  1 
000000100000000220  1 
000000100000000222  1 
000000100000000222  1 
000000100000000222  1 
000000100000000222  1 
000000100000002000  1 
000000100000002000  1 
000000100000002000  1 
000000100000002000  1 
000000100000002000  1 
000000100000002000  1 
000000100000002000  1 
000000100000002000  1 
000000100000002000  1 
000000100000002000  1 
000000100000002000  1 
000000100000002000  1 
000000100000002000  1 
000000100000002000  1 
000000100000002000  1 
000000100000002000  1 
000000100000002000  1 
000000100000002000  1 
000000100000002000  1 
000000100000002000  1 
000000100000002000  1 
000000100000002000  1 
000000100000002000  1 
000000100000002000  1 
000000100000002000  1 
000000100000002000  1 
000000100000002000  1 
000000100000002000  1 
000000100000002000  1 
000000100000002002  1 
000000100000002002  1 
000000100000002002  1 
000000100000002002  1 
000000100000002002  1 
000000100000002002  1 
000000100000002002  1 
000000100000002002  1 
000000100000002002  1 
000000100000002002  1 
000000100000002002  1 
000000100000002002  1 
000000100000002002  1 
000000100000002002  1 
000000100000002002  1 
000000100000002002  1 
000000100000002002  1 
000000100000002002  1 
000000100000002002  1 
000000100000002002  1 
000000100000002020  1 
000000100000002020  1 
000000100000002020  1 
000000100000002020  1 
000000100000002020  1 
000000100000002020  1 
000000100000002020  1 
000000100000002022  1 
000000100000002022  1 
000000100000002022  1 
000000100000002022  1 
000000100000002200  1 
000000100000002200  1 
000000100000002200  1 
000000100000002200  1 
000000100000002200  1 
000000100000002202  1 
000000100000002202  1 
000000100000002202  1 
000000100000002202  1 
000000100000002222  1 
000000100000002222  1 
000000100000020000  1 
000000100000020000  1 
000000100000020000  1 
000000100000020000  1 
000000100000020020  1 
000000100000020022  1 
000000100000020200  1 
000000100000020202  1 
000000100000020220  1 
000000100000020220  1 
000000100000020222  1 
000000100000022000  1 
000000100000022000  1 
000000100000022000  1 
000000100000022000  1 
000000100000022000  1 
000000100000022000  1 
000000100000022002  1 
000000100000022002  1 
000000100000022002  1 
000000100000022020  1 
000000100000022020  1 
000000100000022020  1 
000000100000022022  1 
000000100000022200  1 
000000100000022202  1 
000000100000022202  1 
000000100000022202  1 
000000100000022202  1 
000000100000022202  1 
000000100000022220  1 
000000100000022220  1 
000000100000022222  1 
000000100000200022  1 
000000100000202202  1 
000000100000220020  1 
000000100000220220  1 
000000100000222200  1 
000000100000222220  1 
000000100000222222  1 
000000100002000000  1 
000000100002000022  1 
000000100002002000  1 
000000100002002020  1 
000000100002002222  1 
000000100002020020  1 
000000100002022002  1 
000000100002220020  1 
000000100020000000  1 
000000100020000000  1 
000000100020000020  1 
000000100020000222  1 
000000100020002200  1 
000000100020020020  1 
000000100020020200  1 
000000100020022002  1 
000000100022002022  1 
000000100022022202  1 
000000100200000000  1 
000000100200000000  1 
000000100200022002  1 
000100000220000000  1 
000001000000000002  1 
000001000000000002  1 
000001000000000002  1 
000001000000000002  1 
000001000000000002  1 
000001000000000002  1 
000001000000000002  1 
000001000000000002  1 
000001000000000002  1 
000001000000000002  1 
000001000000000002  1 
000001000000000002  1 
000001000000000020  1 
000001000000000020  1 
000001000000000020  1 
000001000000000020  1 
000001000000000020  1 
000001000000000020  1 
000001000000000022  1 
000001000000000022  1 
000001000000000022  1 
000001000000000200  1 
000001000000000200  1 
000001000000000200  1 
000001000000000200  1 
000001000000000200  1 
000001000000000200  1 
000001000000000200  1 
000001000000000200  1 
000001000000000202  1 
000001000000000202  1 
000001000000000202  1 
000001000000000220  1 
000001000000000220  1 
000001000000000222  1 
000001000000000222  1 
000001000000002000  1 
000001000000002000  1 
000001000000002000  1 
000001000000002000  1 
000001000000002000  1 
000001000000002000  1 
000001000000002000  1 
000001000000002000  1 
000001000000002000  1 
000001000000002000  1 
000001000000002000  1 
000001000000002000  1 
000001000000002000  1 
000001000000002000  1 
000001000000002000  1 
000001000000002000  1 
000001000000002000  1 
000001000000002000  1 
000001000000002000  1 
000001000000002002  1 
000001000000002002  1 
000001000000002002  1 
000001000000002002  1 
000001000000002002  1 
000001000000002002  1 
000001000000002020  1 
000001000000002020  1 
000001000000002020  1 
000001000000002020  1 
000001000000002020  1 
000001000000002020  1 
000001000000002022  1 
000001000000002022  1 
000001000000002022  1 
000001000000002200  1 
000001000000002200  1 
000001000000002202  1 
000001000000002202  1 
000001000000002202  1 
000001000000002202  1 
000001000000002202  1 
000001000000002220  1 
000001000000002222  1 
000001000000002222  1 
000001000000002222  1 
000001000000002222  1 
000001000000002222  1 
000001000000020000  1 
000001000000020000  1 
000001000000020000  1 
000001000000020002  1 
000001000000020002  1 
000001000000020020  1 
000001000000020020  1 
000001000000020200  1 
000001000000020200  1 
000001000000020220  1 
000001000000022000  1 
000001000000022000  1 
000001000000022000  1 
000001000000022000  1 
000001000000022000  1 
000001000000022000  1 
000001000000022000  1 
000001000000022002  1 
000001000000022002  1 
000001000000022002  1 
000001000000022020  1 
000001000000022022  1 
000001000000022200  1 
000001000000022200  1 
000001000000022200  1 
000001000000022200  1 
000001000000022202  1 
000001000000022202  1 
000001000000022202  1 
000001000000022202  1 
000001000000022202  1 
000001000000022202  1 
000001000000022202  1 
000001000000022220  1 
000001000000022220  1 
000001000000022220  1 
000001000000200002  1 
000001000000200020  1 
000001000000202000  1 
000001000000202000  1 
000001000000202002  1 
000001000000202020  1 
000001000000202022  1 
000001000000202200  1 
000001000000220222  1 
000001000000222002  1 
000001000000222020  1 
000001000000222200  1 
000001000000222202  1 
000001000000222202  1 
000001000000222220  1 
000001000000222222  1 
000001000002000000  1 
000001000002000000  1 
000001000002000020  1 
000001000002000020  1 
000001000002000022  1 
000001000002000222  1 
000001000002002000  1 
000001000002002220  1 
000001000002020222  1 
000001000002022020  1 
000001000002022220  1 
000001000002202220  1 
000001000002222022  1 
000001000020000000  1 
000001000020000000  1 
000001000020000000  1 
000001000020000000  1 
000001000020000000  1 
000001000020000000  1 
000001000020000002  1 
000001000020000020  1 
000001000020000202  1 
000001000020002000  1 
000001000020002002  1 
000001000020002200  1 
000001000020020002  1 
000001000020022020  1 
000001000020022022  1 
000001000020022200  1 
000001000020022200  1 
000001000020022202  1 
000001000020202002  1 
000001000020222202  1 
000001000022022000  1 
000001000022022202  1 
000001000022222202  1 
000001000200000000  1 
000001000200000000  1 
000001000200000000  1 
000001000200000000  1 
000001000200000000  1 
000001000200000000  1 
000001000200000002  1 
000001000200000002  1 
000001000200000020  1 
000001000200000200  1 
000001000200000200  1 
000001000200000222  1 
000001000200002000  1 
000001000200002000  1 
000001000200002220  1 
000001000200020000  1 
000001000200022000  1 
000001000200022202  1 
000001000200022202  1 
000001000200022202  1 
000001000200222002  1 
000001000202222202  1 
000001000220000000  1 
000001000220002200  1 
000001000220020000  1 
000001000220022000  1 
000001000220022002  1 
000001000220022202  1 
000001000220220220  1 
000001000222000000  1 
000001002000000000  1 
000001002000022202  1 
001000000020002200  1 
000010000000000002  1 
000010000000000002  1 
000010000000000002  1 
000010000000000002  1 
000010000000000002  1 
000010000000000002  1 
000010000000000002  1 
000010000000000002  1 
000010000000000002  1 
000010000000000020  1 
000010000000000020  1 
000010000000000020  1 
000010000000000020  1 
000010000000000020  1 
000010000000000020  1 
000010000000000022  1 
000010000000000022  1 
000010000000000200  1 
000010000000000200  1 
000010000000000200  1 
000010000000000200  1 
000010000000000200  1 
000010000000000222  1 
000010000000002000  1 
000010000000002000  1 
000010000000002000  1 
000010000000002000  1 
000010000000002000  1 
000010000000002000  1 
000010000000002000  1 
000000000001000002  1 
000010000000002000  1 
000010000000002000  1 
000010000000002000  1 
000010000000002002  1 
000010000000002002  1 
001000000200000000  1 
000010000000002022  1 
000010000000002022  1 
000010000000002200  1 
000010000000002200  1 
000010000000002202  1 
000010000000002202  1 
000010000000002202  1 
000010000000002220  1 
000010000000002220  1 
000010000000002220  1 
000010000000020000  1 
000010000000020000  1 
000010000000020002  1 
000010000000020200  1 
000010000000020200  1 
000010000000020200  1 
000010000000020202  1 
000010000000020202  1 
000010000000022000  1 
000010000000022000  1 
000010000000022000  1 
000010000000022000  1 
000010000000022000  1 
000010000000022000  1 
000010000000022002  1 
000010000000022002  1 
001000000200020222  1 
000010000000022020  1 
000010000000022022  1 
000010000000022200  1 
000010000000022200  1 
000010000000022200  1 
000010000000022202  1 
000010000000022220  1 
000010000000022222  1 
000010000000022222  1 
000010000000022222  1 
000010000000200000  1 
000010000000200020  1 
000010000000200202  1 
000010000000200202  1 
000010000000200202  1 
000010000000202000  1 
000010000000202002  1 
000010000000202020  1 
000010000000202222  1 
000010000000220000  1 
000010000000220002  1 
000010000000220022  1 
000010000000220202  1 
000010000000222002  1 
000010000000222022  1 
000010000000222022  1 
000010000000222200  1 
000010000000222222  1 
000010000000222222  1 
000010000000222222  1 
000010000000222222  1 
000010000002000002  1 
000010000002022000  1 
000010000002022000  1 
000010000002022020  1 
000010000002022202  1 
000010000002022202  1 
000010000002022222  1 
000010000002022222  1 
000010000002200002  1 
000010000002200020  1 
000010000002200022  1 
000010000020000000  1 
000010000020000000  1 
000010000020000000  1 
001000000220000022  1 
000010000020000200  1 
000010000020000200  1 
000010000020000220  1 
000010000020002000  1 
000010000020002002  1 
000010000020002200  1 
000010000020002202  1 
000010000020020000  1 
000010000020022000  1 
000010000020022000  1 
000010000020022002  1 
000010000020022202  1 
000010000020022222  1 
000010000020200000  1 
000010000020202200  1 
000010000020222022  1 
000010000022000000  1 
000010000022020002  1 
000010000022022002  1 
000010000022022022  1 
000010000022022202  1 
000010000200000000  1 
000010000200000000  1 
000010000200000000  1 
000010000200000000  1 
000010000200000000  1 
000010000200000002  1 
000010000200000020  1 
000010000200000202  1 
000010000200000202  1 
000010000200002000  1 
000010000200002000  1 
000010000200002002  1 
000010000200002200  1 
000010000200002222  1 
000010000200020020  1 
000010000200022000  1 
000010000200022000  1 
000010000200022002  1 
000010000200022002  1 
000010000200022020  1 
000010000200022022  1 
000010000200022202  1 
000010000200022220  1 
000010000200022222  1 
000010000200200000  1 
000010000200202000  1 
000010000200202200  1 
000010000200202202  1 
000010000200202202  1 
000010000200222202  1 
000010000202000000  1 
000010000202000000  1 
000010000202000200  1 
000010000202022000  1 
000010000202022002  1 
000010000202022222  1 
000010000202220202  1 
000010000202222002  1 
000010000220000022  1 
000010000220000202  1 
000010000220002000  1 
000010000220002002  1 
001000002002200000  1 
000010000220002200  1 
000010000220002202  1 
000010000220020222  1 
000010000220022022  1 
000010000220022200  1 
000010000220022220  1 
000010000220202222  1 
000010000222002222  1 
000010000222002222  1 
000010000222022000  1 
000010000222220022  1 
000010000222222220  1 
000010002000000000  1 
000010002000000000  1 
000010002000000000  1 
000010002000002222  1 
000010002000022200  1 
000010002000222002  1 
000010002000222200  1 
000010002002000002  1 
000010002020020200  1 
000010002020022000  1 
000010002022022222  1 
000010002202000002  1 
000010002220000202  1 
000010002222202020  1 
001000002202022202  1 
000100000000000002  1 
000100000000000002  1 
000100000000000020  1 
000100000000000020  1 
000100000000000020  1 
000100000000000020  1 
000100000000000020  1 
000100000000000200  1 
000100000000000200  1 
000100000000000200  1 
000100000000000200  1 
000100000000000222  1 
000100000000002000  1 
000100000000002000  1 
000100000000002000  1 
000100000000002000  1 
000100000000002000  1 
000100000000002000  1 
000100000000002000  1 
000100000000002000  1 
000100000000002000  1 
000100000000002002  1 
000100000000002002  1 
000100000000002002  1 
000100000000002002  1 
000100000000002020  1 
000100000000002200  1 
000100000000002202  1 
000100000000002202  1 
000100000000002202  1 
000100000000002202  1 
000100000000020000  1 
000100000000020000  1 
000100000000020002  1 
000100000000020020  1 
000100000000020022  1 
000100000000020220  1 
000100000000020220  1 
000100000000022000  1 
000100000000022002  1 
000100000000022020  1 
001000020202200002  1 
000100000000022200  1 
000100000000022202  1 
000100000000022202  1 
000100000000022220  1 
000100000000200000  1 
000100000000200002  1 
000100000000202000  1 
000100000000202000  1 
000100000000202022  1 
000100000000202022  1 
000100000000202200  1 
000100000000202222  1 
000100000000220000  1 
000100000000222000  1 
000100000000222000  1 
000100000000222202  1 
000100000002000000  1 
000100000002002020  1 
000100000002002200  1 
000100000002002220  1 
000100000002020000  1 
000100000002022220  1 
000100000002202200  1 
000100000002220202  1 
000100000002222000  1 
000100000002222202  1 
000100000002222222  1 
000100000020000000  1 
000100000020000002  1 
000100000020000020  1 
000100000020002000  1 
000100000020002002  1 
000100000020002200  1 
000100000020002202  1 
000100000020022000  1 
000100000020022200  1 
000100000020022220  1 
000100000020022222  1 
000100000020200000  1 
000100000020200202  1 
000100000020202022  1 
000100000020202202  1 
000100000020222202  1 
000100000020222222  1 
000100000022000022  1 
000100000022002220  1 
000100000022202202  1 
000100000022222200  1 
000100000022222222  1 
000100000022222222  1 
000100000200000000  1 
000100000200000000  1 
000100000200000000  1 
000100000200000000  1 
000100000200000000  1 
000100000200000000  1 
000100000200000000  1 
000100000200000002  1 
000100000200000020  1 
000100000200000020  1 
000100000200000020  1 
000100000200000202  1 
000100000200002020  1 
000100000200002200  1 
000100000200002202  1 
000100000200002222  1 
000100000200020020  1 
000100000200020200  1 
000100000200022000  1 
000100000200022002  1 
000100000200022200  1 
000100000200022202  1 
000100000200022202  1 
000100000200022220  1 
000100000200200000  1 
000100000200202000  1 
000100000200202020  1 
000100000200202220  1 
000100000202000000  1 
000100000202000000  1 
000100000202000000  1 
000100000202002000  1 
000100000202002002  1 
000100000202020000  1 
000100000202020020  1 
000100000202022002  1 
000100000202022202  1 
000100000202200000  1 
000100000202200020  1 
000100000202200202  1 
000100000202202022  1 
000100000220000000  1 
010000000020000000  1 
000100000220000000  1 
000100000220020000  1 
000100000220022022  1 
000100000220022022  1 
000100000220022200  1 
000100000220022202  1 
000100000220202202  1 
000100000220202222  1 
000100000220222222  1 
000100000220222222  1 
000100000222022202  1 
000100000222200020  1 
000100000222222000  1 
000100000222222202  1 
000100000222222222  1 
000100002000000000  1 
000100002000000000  1 
000100002000000022  1 
000100002000000022  1 
000100002000000202  1 
000100002000022000  1 
000100002000022002  1 
000100002000202200  1 
000100002002002000  1 
000100002002020000  1 
000100002002022200  1 
000100002020002202  1 
000100002020222200  1 
000100002022000200  1 
000100002200000000  1 
000100002200000000  1 
000100002200022022  1 
000100002200202022  1 
000100002200202200  1 
000100002200202200  1 
000100002200222222  1 
000100002202020000  1 
000100002202202022  1 
000100002220022022  1 
000100002222000002  1 
000100020000000000  1 
010000000200002000  1 
001000000000000002  1 
001000000000000002  1 
001000000000000002  1 
001000000000000002  1 
001000000000000020  1 
001000000000000020  1 
001000000000000020  1 
001000000000000020  1 
001000000000000200  1 
001000000000000200  1 
001000000000000202  1 
001000000000000202  1 
001000000000000202  1 
001000000000000222  1 
001000000000002000  1 
001000000000002000  1 
001000000000002000  1 
001000000000002000  1 
001000000000002000  1 
001000000000002000  1 
001000000000002000  1 
001000000000002000  1 
001000000000002002  1 
001000000000002002  1 
001000000000002002  1 
001000000000002200  1 
001000000000002202  1 
001000000000002202  1 
001000000000002222  1 
001000000000020000  1 
001000000000020000  1 
001000000000020202  1 
001000000000022002  1 
001000000000022200  1 
001000000000022202  1 
001000000000022202  1 
001000000000022220  1 
001000000000022220  1 
001000000000200022  1 
001000000000200222  1 
001000000000202200  1 
001000000000220220  1 
001000000000222022  1 
001000000002000000  1 
001000000002002000  1 
001000000002002002  1 
001000000002002002  1 
001000000002022200  1 
001000000002022202  1 
001000000002022202  1 
001000000002222202  1 
001000000002222220  1 
001000000020000000  1 
001000000020000000  1 
001000000020000000  1 
001000000020000020  1 
001000000020000020  1 
001000000020000022  1 
001000000020002000  1 
010000000222022000  1 
001000000020002220  1 
001000000020002222  1 
001000000020022020  1 
001000000020022200  1 
001000000020220000  1 
001000000020222020  1 
001000000020222222  1 
001000000022000200  1 
001000000022002222  1 
001000000022022002  1 
001000000022022020  1 
001000000022022200  1 
001000000022222200  1 
001000000022222202  1 
001000000200000000  1 
001000000200000000  1 
001000000200000000  1 
001000000200000000  1 
010000002000022202  1 
001000000200000000  1 
001000000200000000  1 
001000000200000000  1 
001000000200000000  1 
001000000200000002  1 
001000000200000002  1 
001000000200002002  1 
001000000200002002  1 
001000000200002022  1 
001000000200002200  1 
001000000200002200  1 
001000000200020220  1 
010000002002022222  1 
001000000200022000  1 
001000000200022000  1 
001000000200022020  1 
001000000200022200  1 
001000000200022220  1 
001000000200200000  1 
001000000200200022  1 
001000000200202022  1 
001000000200202220  1 
001000000200222000  1 
001000000200222202  1 
001000000202002220  1 
001000000202020002  1 
001000000202020220  1 
001000000202022002  1 
001000000202022200  1 
001000000202022202  1 
001000000202022220  1 
001000000202200002  1 
001000000202222202  1 
001000000220000000  1 
001000000220000002  1 
010000002202200000  1 
001000000220000202  1 
001000000220002000  1 
001000000220002002  1 
001000000220002202  1 
001000000220020202  1 
001000000220022000  1 
001000000220022002  1 
001000000220022200  1 
001000000220022202  1 
001000000220200202  1 
001000000220200220  1 
001000000220202020  1 
001000000220220222  1 
001000000220222002  1 
001000000222002002  1 
001000000222002222  1 
001000000222022220  1 
001000000222222022  1 
001000002000000000  1 
001000002000000000  1 
001000002000000002  1 
001000002000000002  1 
001000002000000200  1 
001000002000002000  1 
001000002000002020  1 
001000002000022000  1 
001000002000022022  1 
001000002000222200  1 
001000002002022000  1 
001000002002022002  1 
001000002002022202  1 
010000002222022220  1 
001000002020000000  1 
001000002020022000  1 
001000002020202020  1 
001000002200002202  1 
001000002200002220  1 
001000002200022002  1 
001000002200022202  1 
001000002200022220  1 
001000002200022222  1 
001000002200200022  1 
001000002200200222  1 
001000002202000022  1 
001000002202002202  1 
010000020200000000  1 
001000002202022202  1 
001000002202202220  1 
001000002202222200  1 
001000002220000020  1 
001000002220002000  1 
001000002220022022  1 
001000002220022220  1 
001000002220022222  1 
001000002220222002  1 
001000002222020000  1 
001000002222022222  1 
001000020000000000  1 
001000020000000000  1 
001000020000000000  1 
001000020000000000  1 
001000020000000000  1 
001000020000000000  1 
001000020000000000  1 
001000020020002202  1 
001000020202000202  1 
010000202220000200  1 
001000020202222022  1 
001000022202002220  1 
001000200000000000  1 
001000200202020202  1 
001000200222222222  1 
001000202200000000  1 
010000220000220000  1 
010000000000000002  1 
010000000000000002  1 
010000000000000002  1 
010000000000000002  1 
010000000000000002  1 
010000000000000002  1 
010000000000000020  1 
010000000000000020  1 
010000000000000020  1 
010000000000000020  1 
010000000000000022  1 
010000000000000022  1 
010000000000000200  1 
010000000000000200  1 
010000000000000200  1 
010000000000000202  1 
010000000000000202  1 
010000000000002000  1 
010000000000002000  1 
010000000000002020  1 
010000000000002020  1 
010000000000002222  1 
010000000000020000  1 
010000000000020202  1 
010000000000022000  1 
010000000000022200  1 
010000000000022222  1 
010000000000200000  1 
010000000000200200  1 
010000000000202200  1 
010000000002000000  1 
010000000002000002  1 
010000000002000002  1 
010000000002002202  1 
010000000002022202  1 
010000000002022222  1 
010000000002222020  1 
010000000002222222  1 
100000000000200200  1 
010000000020000000  1 
010000000020000000  1 
010000000020002000  1 
010000000020020000  1 
010000000020022002  1 
010000000020022020  1 
010000000020022022  1 
010000000020200202  1 
010000000020202022  1 
010000000020202222  1 
010000000022000220  1 
010000000022002200  1 
010000000022022000  1 
010000000200000000  1 
010000000200000000  1 
010000000200000000  1 
010000000200000000  1 
010000000200000000  1 
010000000200000000  1 
010000000200000020  1 
100000000002022002  1 
010000000200002000  1 
010000000200002002  1 
010000000200002002  1 
010000000200002020  1 
010000000200002020  1 
010000000200002020  1 
010000000200002022  1 
010000000200022020  1 
010000000200200000  1 
010000000200200202  1 
010000000200202202  1 
010000000200222202  1 
010000000202000000  1 
010000000202000220  1 
010000000202022222  1 
010000000202022222  1 
010000000202202002  1 
010000000202202002  1 
010000000202222022  1 
010000000202222220  1 
010000000220000000  1 
010000000220000020  1 
010000000220002000  1 
010000000220002000  1 
010000000220022220  1 
010000000220202200  1 
010000000220202202  1 
010000000220202222  1 
010000000222002220  1 
100000000200000000  1 
010000000222202222  1 
010000000222220222  1 
010000000222222020  1 
010000002000000000  1 
010000002000000000  1 
010000002000000002  1 
010000002000000200  1 
010000002000000220  1 
010000002000020200  1 
100000000200022000  1 
010000002000200000  1 
010000002000202020  1 
010000002000220000  1 
010000002002000000  1 
010000002002002200  1 
100000000200200200  1 
010000002002220202  1 
010000002020022220  1 
010000002020202202  1 
010000002022002002  1 
010000002022020200  1 
010000002200002022  1 
010000002200002222  1 
010000002200020002  1 
010000002200200222  1 
010000002202020202  1 
010000002202022020  1 
100000000200222200  1 
010000002202202220  1 
010000002202220200  1 
010000002202222002  1 
010000002202222200  1 
010000002220002020  1 
010000002220002202  1 
010000002220222022  1 
010000002220222200  1 
010000002220222220  1 
010000002222000000  1 
010000002222000000  1 
010000002222000002  1 
010000002222002202  1 
010000002222002220  1 
010000002222022002  1 
100000000220002000  1 
010000020000000000  1 
010000020000000000  1 
010000020000000000  1 
010000020000000000  1 
010000020000000000  1 
010000020000000002  1 
100000000220022202  1 
010000020200022222  1 
010000020200222022  1 
010000020220022202  1 
010000020222022202  1 
010000022020202022  1 
010000022202222220  1 
010000200000000000  1 
010000200000000000  1 
010000200202022220  1 
100000000222002200  1 
010000202220022200  1 
010000202222022222  1 
010000220000000000  1 
100000000222020000  1 
010000222202202222  1 
010000222222022202  1 
100000000222202202  1 
100000000000000002  1 
100000000000000020  1 
100000000000000020  1 
100000000000000200  1 
100000000000000200  1 
100000000000000200  1 
100000000000000220  1 
100000000000000220  1 
100000000000002200  1 
100000000000002200  1 
100000000000020000  1 
100000000000020002  1 
100000000000020200  1 
100000000000022020  1 
100000000000200002  1 
100000002000202000  1 
100000000000202020  1 
100000000000202200  1 
100000000000202202  1 
100000000000222022  1 
100000000000222200  1 
100000000000222220  1 
100000000002000020  1 
100000000002000200  1 
100000000002020200  1 
100000000002022002  1 
100000002022022200  1 
100000000002022200  1 
100000000002022202  1 
100000000002200200  1 
100000000020002202  1 
100000000020002202  1 
100000000020022002  1 
100000000020022202  1 
100000000020222200  1 
100000000022002202  1 
100000000022200022  1 
100000000022220200  1 
100000000200000000  1 
100000000200000000  1 
100000000200000000  1 
100000002200220022  1 
100000000200002020  1 
100000000200002200  1 
100000000200002200  1 
100000000200020222  1 
100000002202022200  1 
100000000200022020  1 
100000000200022220  1 
100000002202222022  1 
100000000200200200  1 
100000000200202002  1 
100000000200222020  1 
100000000200222022  1 
100000000200222200  1 
100000002220000022  1 
100000000200222220  1 
100000000202000000  1 
100000000202002000  1 
100000000202022022  1 
100000000202202000  1 
100000000202202020  1 
100000000220000000  1 
100000002220222000  1 
100000000220022002  1 
100000000220022200  1 
100000002222002022  1 
100000000220202000  1 
100000000220202220  1 
100000000220202222  1 
100000000222002020  1 
100000002222222000  1 
100000000222020000  1 
100000020000000000  1 
100000000222022220  1 
100000020000000000  1 
100000002000000000  1 
100000002000000000  1 
100000002000000000  1 
100000002000000020  1 
100000002000020200  1 
100000002000022000  1 
100000002000202000  1 
100000020200222220  1 
100000002002020220  1 
100000002002022000  1 
100000002020000200  1 
100000002020002220  1 
100000020202222020  1 
100000002022022220  1 
100000002022222200  1 
100000002022222202  1 
100000002200000000  1 
100000002200000000  1 
100000002200022000  1 
100000002200200202  1 
100000022222222000  1 
100000002202022020  1 
100000022222222202  1 
100000002202022200  1 
100000200000000000  1 
100000002202222222  1 
100000002220000000  1 
100000200000000000  1 
100000002220022220  1 
100000002220200000  1 
100000002220220020  1 
100000200200222002  1 
100000222200202220  1 
100000002222020000  1 
100000002222022222  1 
100000222200000000  1 
100002222222222222  1 
100002220000000000  1 
100000020002202002  1 
100000020002222202  1 
100000020200022022  1 
100002202022222222  1 
100000020202222020  1 
100002022000222002  1 
100000022002022022  1 
100000022020202022  1 
100000022200202020  1 
100000222202222222  1 
100000220200022000  1 
100000202020202002  1 
100000200000000000  1 
100000222022020220  1 
100000200000000000  1 
100000220202202202  1 
100000200202202200  1 
100000200220000000  1 
100000202022020202  1 
100000202200022220  1 
100000202202022200  1 
100000202220000000  1 
100000202220222002  1 
100000202222222220  1 
100000220022222000  1 
100000000000000000 409
000000001000000000 424
000001000000000000 449
001000000000000000 463
010000000000000000 493
000010000000000000 497
000000000100000000 508
000000100000000000 534
000000000010000000 547
000100000000000000 585
000000000001000000 588 
000000010000000000 645