H: S:
0000000000000000010  63 
0000000000000000011  9 
0000000000000000100  49 
0000000000000000101  3 
0000000000000000110  2 
0000000000000000111  1 
0000000000000001000  42 
0000000000000001001  3 
0000000000000001010  2 
0000000000000001011  1 
0000000000000001100  6 
0000000000000010000  38 
0000000000000010001  3 
0000000000000010010  4 
0000000000000010100  2 
0000000000000011000  3 
0000000000000011100  1 
0000000000000100000  39 
0000000000000100001  1 
0000000000000100100  4 
0000000000000101000  2 
0000000000000110000  3 
0000000000000110100  1 
0000000000000111000  2 
0000000000000111100  1 
0000000000001000000  51 
0000000000001000100  3 
0000000000001000111  2 
0000000000001001000  2 
0000000000001001001  1 
0000000000001001100  1 
0000000000001010000  5 
0000000000001100000  5 
0000000000001100001  1 
0000000000001100111  1 
0000000000001111000  1 
0000000000010000000  33 
0000000000010000100  1 
0000000000010001000  1 
0000000000010001101  1 
0000000000010010000  1 
0000000000010100000  2 
0000000000010111000  1 
0000000000011000000  3 
0000000000011001000  1 
0000000000011010000  1 
0000000000100000000  68 
0000000000100000001  1 
0000000000100000010  2 
0000000000100000100  1 
0000000000100001000  1 
0000000000100001110  1 
0000000000100010000  2 
0000000000100011000  1 
0000000000100100000  1 
0000000000100110100  1 
0000000000101000000  5 
0000000000101000001  1 
0000000000110000000  4 
0000000000110100000  1 
0000000001000000000  79 
0000000001000000001  1 
0000000001000000010  1 
0000000001000001000  2 
0000000001000010000  4 
0000000001000100000  2 
0000000001000100100  1 
0000000001000110000  1 
0000000001001000000  1 
0000000001010000000  1 
0000000001010001000  1 
0000000001011100000  1 
0000000001100000000  7 
0000000001100010000  1 
0000000001110000000  1 
0000000010000000000  49 
0000000010000010000  3 
0000000010000011000  1 
0000000010000101000  1 
0000000010001000000  1 
0000000010100000000  4 
0000000011000000000  7 
0000000011000000100  1 
0000000011001100010  1 
0000000011100111100  1 
0000000100000000000  41 
0000000100000000001  1 
0000000100000000010  1 
0000000100000000100  1 
0000000100000001000  1 
0000000100000100000  1 
0000000100100000000  2 
0000000100101000000  1 
0000000101000000000  4 
0000000101001000000  1 
0000000101100000000  4 
0000000110000000000  6 
0000000110000100000  1 
0000000110100000000  1 
0000000110100010000  1 
0000000111000000000  1 
0000001000000000000  33 
0000001000000000100  1 
0000001000010000000  1 
0000001000010000100  1 
0000001000011000000  1 
0000001000011100000  1 
0000001000100000000  2 
0000001001000000000  2 
0000001001100100000  1 
0000001001100101101  1 
0000001001100110110  1 
0000001010000000000  6 
0000001010000000100  1 
0000001010001000000  1 
0000001010010000100  1 
0000001010100110100  1 
0000001100000000000  2 
0000001100000100000  1 
0000001110000000000  1 
0000010000000000000  20 
0000010000000010111  1 
0000010000001010000  1 
0000010000010000000  1 
0000010000100000000  2 
0000010000100010000  1 
0000010001000000000  5 
0000010010000000000  1 
0000010011000000000  1 
0000010100000000000  1 
0000010100100010000  1 
0000010101000000000  1 
0000010101010000000  1 
0000011000000000000  3 
0000011011000000000  1 
0000011100010000000  1 
0000100000000000000  23 
0000100000000000001  1 
0000100000000010000  1 
0000100000010010000  1 
0000100001000000000  1 
0000100001000100000  1 
0000100010000000000  1 
0000100100000000000  1 
0000101000000000000  1 
0000101000001000000  1 
0000110000000000000  2 
0000110000000001011  1 
0001000000000000000  20 
0001000000000010000  1 
0001000000000100000  1 
0001000001001000000  1 
0001000010000000000  1 
0001000010000101000  1 
0001000101100000000  1 
0001001000000000000  1 
0001010000000000000  1 
0001100000000000000  1 
0001100110000000000  1 
0001101011010010000  1 
0001110000100000000  1 
0001111111100000000  1 
0010000000000000000  10 
0010000010000000000  1 
0010000110000011000  1 
0011000000000000000  1 
0100000000000000000  7 
0100000000100000000  1 
0100000010000000000  1 
0100001011100000000  1 
0100100000000000000  1 
0100100001101000000  1 
0100110100000000000  1 
0110000000000000000  1 
1000000000000000000  4 
1100000000000000000  1 
