9 0 0 0 0 0 0 0 0 0
0 9 9 9 9 9 9 6 0 0
0 0 0 0 0 0 9 9 0 0
0 9 9 9 9 0 0 8 0 0
0 9 9 9 0 0 0 0 0 0
0 9 0 9 9 0 9 6 0 0
0 0 9 9 0 9 0 0 0 0
0 0 0 9 0 0 0 0 0 0
0 0 0 9 9 9 9 4 9 9
0 0 0 9 9 9 9 0 0 0
0 9 9 9 9 9 9 8 9 9
0 0 0 9 9 9 0 0 0 0
0 0 9 0 0 9 9 9 0 0
0 0 0 9 0 0 0 0 0 0
0 9 0 9 0 0 0 0 0 0
0 9 0 9 0 0 0 0 0 0
0 0 0 0 9 9 9 0 9 9
0 9 2 9 0 0 9 0 0 0
0 0 0 0 0 9 9 4 9 0
0 9 9 9 0 9 9 4 9 0
0 0 0 0 0 9 0 0 9 9
0 0 0 0 0 0 9 0 0 0
0 0 0 9 9 9 9 0 0 0
0 0 0 0 0 0 9 0 0 0
0 0 0 0 0 0 0 0 0 1
0 0 0 0 0 0 0 0 0 2
0 0 0 0 0 0 0 0 0 2
0 0 0 0 0 0 0 0 0 2
0 0 0 0 0 0 0 0 0 2
0 0 0 0 0 0 0 0 0 2
0 0 0 0 0 0 0 0 0 2
0 0 0 0 0 0 0 0 0 3
0 0 0 0 0 0 0 0 0 4
0 0 0 0 0 0 0 0 0 4
0 0 0 0 0 0 0 0 0 4
0 0 0 0 0 0 0 0 0 6
0 0 0 0 0 0 0 0 0 6
0 0 0 0 0 0 0 0 0 6
0 0 0 0 0 0 0 0 0 6
0 0 0 0 0 0 0 0 0 8
0 0 0 0 0 0 0 0 0 8
0 0 0 0 0 0 0 0 0 8
0 0 0 0 0 0 0 0 0 8
0 0 0 0 0 0 0 0 0 8
0 0 0 0 0 0 0 0 0 8
0 0 0 0 0 0 0 0 0 9
0 0 0 0 0 0 0 0 0 9
0 0 0 0 0 0 0 0 0 9
0 0 0 0 0 0 0 0 0 9
0 0 0 0 0 0 0 0 0 9
0 0 0 0 0 0 0 0 0 9
0 0 0 0 0 0 0 0 0 9
0 0 0 0 0 0 0 0 0 9
0 0 0 0 0 0 0 0 0 9
0 0 0 0 0 0 0 0 0 9
0 0 0 0 0 0 0 0 0 9
0 0 0 0 0 0 0 0 0 9
0 0 0 0 0 0 0 0 0 9
0 0 0 0 0 0 0 0 0 9
0 0 0 0 0 0 0 0 0 9
0 0 0 0 0 0 0 0 0 9
0 0 0 0 0 0 0 0 0 9
0 0 0 0 0 0 0 0 0 9
0 0 0 0 0 0 0 0 0 9
0 0 0 0 0 0 0 0 0 9
0 0 0 0 0 0 0 0 0 9
0 0 0 0 0 0 0 0 0 9
0 0 0 0 0 0 0 0 0 9
0 0 0 0 0 0 0 0 0 9
0 0 0 0 0 0 0 0 0 9
0 0 0 0 0 0 0 0 0 9
0 0 0 0 0 0 0 0 0 9
0 0 0 0 0 0 0 0 0 9
0 0 0 0 0 0 0 0 0 9
0 0 0 0 0 0 0 0 0 9
0 0 0 0 0 0 0 0 0 9
0 0 0 0 0 0 0 0 0 9
0 0 0 0 0 0 0 0 0 9
0 0 0 0 0 0 0 0 0 9
0 0 0 0 0 0 0 0 0 9
0 0 0 0 0 0 0 0 0 9
0 0 0 0 0 0 0 0 0 9
0 0 0 0 0 0 0 0 0 9
0 0 0 0 0 0 0 0 0 9
0 0 0 0 0 0 0 0 0 9
0 0 0 0 0 0 0 0 0 9
0 0 0 0 0 0 0 0 0 9
0 0 0 0 0 0 0 0 0 9
0 0 0 0 0 0 0 0 0 9
0 0 0 0 0 0 0 0 0 9
0 0 0 0 0 0 0 0 0 9
0 0 0 0 0 0 0 0 0 9
0 0 0 0 0 0 0 0 0 9
0 0 0 0 0 0 0 0 0 9
0 0 0 0 0 0 0 0 0 9
0 0 0 0 0 0 0 0 0 9
0 0 0 0 0 0 0 0 0 9
0 0 0 0 0 0 0 0 0 9
0 0 0 0 0 0 0 0 0 9
0 0 0 0 0 0 0 0 0 9
0 0 0 0 0 0 0 0 0 9
0 0 0 0 0 0 0 0 0 9
0 0 0 0 0 0 0 0 0 9
0 0 0 0 0 0 0 0 0 9
0 0 0 0 0 0 0 0 0 9
0 0 0 0 0 0 0 0 0 9
0 0 0 0 0 0 0 0 0 9
0 0 0 0 0 0 0 0 0 9
0 0 0 0 0 0 0 0 0 9
0 0 0 0 0 0 0 0 0 9
0 0 0 0 0 0 0 0 0 9
0 0 0 0 0 0 0 0 0 9
0 0 0 0 0 0 0 0 0 9
0 0 0 0 0 0 0 0 0 9
0 0 0 0 0 0 0 0 0 9
0 0 0 0 0 0 0 0 0 9
0 0 0 0 0 0 0 0 0 9
0 0 0 0 0 0 0 0 0 9
0 0 0 0 0 0 0 0 0 9
0 0 0 0 0 0 0 0 0 9
0 0 0 0 0 0 0 0 0 9
0 0 0 0 0 0 0 0 0 9
0 0 0 0 0 0 0 0 0 9
0 0 0 0 0 0 0 0 0 9
0 0 0 0 0 0 0 0 0 9
0 0 0 0 0 0 0 0 0 9
0 0 0 0 0 0 0 0 0 9
0 0 0 0 0 0 0 0 0 9
0 0 0 0 0 0 0 0 0 9
0 0 0 0 0 0 0 0 0 9
0 0 0 0 0 0 0 0 0 9
0 0 0 0 0 0 0 0 0 9
0 0 0 0 0 0 0 0 0 9
0 0 0 0 0 0 0 0 0 9
0 0 0 0 0 0 0 0 0 9
0 0 0 0 0 0 0 0 0 9
0 0 0 0 0 0 0 0 0 9
0 0 0 0 0 0 0 0 0 9
0 0 0 0 0 0 0 0 0 9
0 0 0 0 0 0 0 0 0 9
0 0 0 0 0 0 0 0 0 9
0 0 0 0 0 0 0 0 0 9
0 0 0 0 0 0 0 0 0 9
0 0 0 0 0 0 0 0 0 9
0 0 0 0 0 0 0 0 0 9
0 0 0 0 0 0 0 0 0 9
0 0 0 0 0 0 0 0 0 9
0 0 0 0 0 0 0 0 0 9
0 0 0 0 0 0 0 0 0 9
0 0 0 0 0 0 0 0 0 9
0 0 0 0 0 0 0 0 0 9
0 0 0 0 0 0 0 0 0 9
0 0 0 0 0 0 0 0 0 9
0 0 0 0 0 0 0 0 0 9
0 0 0 0 0 0 0 0 0 9
0 0 0 0 0 0 0 0 0 9
0 0 0 0 0 0 0 0 0 9
0 0 0 0 0 0 0 0 0 9
0 0 0 0 0 0 0 0 0 9
0 0 0 0 0 0 0 0 0 9
0 0 0 0 0 0 0 0 0 9
0 0 0 0 0 0 0 0 0 9
0 0 0 0 0 0 0 0 0 9
0 0 0 0 0 0 0 0 0 9
0 0 0 0 0 0 0 0 0 9
0 0 0 0 0 0 0 0 0 9
0 0 0 0 0 0 0 0 0 9
0 0 0 0 0 0 0 0 0 9
0 0 0 0 0 0 0 0 0 9
0 0 0 0 0 0 0 0 0 9
0 0 0 0 0 0 0 0 0 9
0 0 0 0 0 0 0 0 0 9
0 0 0 0 0 0 0 0 0 9
0 0 0 0 0 0 0 0 0 9
0 0 0 0 0 0 0 0 0 9
0 0 0 0 0 0 0 0 0 9
0 0 0 0 0 0 0 0 0 9
0 0 0 0 0 0 0 0 0 9
0 0 0 0 0 0 0 0 0 9
0 0 0 0 0 0 0 0 0 9
0 0 0 0 0 0 0 0 0 9
0 0 0 0 0 0 0 0 0 9
0 0 0 0 0 0 0 0 0 9
0 0 0 0 0 0 0 0 0 9
0 0 0 0 0 0 0 0 0 9
0 0 0 0 0 0 0 0 0 9
0 0 0 0 0 0 0 0 0 9
0 0 0 0 0 0 0 0 0 9
0 0 0 0 0 0 0 0 0 9
0 0 0 0 0 0 0 0 0 9
0 0 0 0 0 0 0 0 0 9
0 0 0 0 0 0 0 0 0 9
0 0 0 0 0 0 0 0 0 9
0 0 0 0 0 0 0 0 0 9
0 0 0 0 0 0 0 0 0 9
0 0 0 0 0 0 0 0 0 9
0 0 0 0 0 0 0 0 0 9
0 0 0 0 0 0 0 0 0 9
0 0 0 0 0 0 0 0 0 9
0 0 0 0 0 0 0 0 0 9
0 0 0 0 0 0 0 0 0 9
0 0 0 0 0 0 0 0 0 9
0 0 0 0 0 0 0 0 0 9
0 0 0 0 0 0 0 0 0 9
0 0 0 0 0 0 0 0 0 9
0 0 0 0 0 0 0 0 0 9
0 0 0 0 0 0 0 0 0 9
0 0 0 0 0 0 0 0 0 9
0 0 0 0 0 0 0 0 0 9
0 0 0 0 0 0 0 0 0 9
0 0 0 0 0 0 0 0 0 9
0 0 0 0 0 0 0 0 0 9
0 0 0 0 0 0 0 0 0 9
0 0 0 0 0 0 0 0 0 9
0 0 0 0 0 0 0 0 0 9
0 0 0 0 0 0 0 0 0 9
0 0 0 0 0 0 0 0 0 9
0 0 0 0 0 0 0 0 0 9
0 0 0 0 0 0 0 0 0 9
0 0 0 0 0 0 0 0 0 9
0 0 0 0 0 0 0 0 0 9
0 0 0 0 0 0 0 0 0 9
0 0 0 0 0 0 0 0 0 9
0 0 0 0 0 0 0 0 0 9
0 0 0 0 0 0 0 0 0 9
0 0 0 0 0 0 0 0 0 9
0 0 0 0 0 0 0 0 0 9
0 0 0 0 0 0 0 0 0 9
0 0 0 0 0 0 0 0 0 9
0 0 0 0 0 0 0 0 0 9
0 0 0 0 0 0 0 0 0 9
0 0 0 0 0 0 0 0 0 9
0 0 0 0 0 0 0 0 0 9
0 0 0 0 0 0 0 0 0 9
0 0 0 0 0 0 0 0 0 9
0 0 0 0 0 0 0 0 0 9
0 0 0 0 0 0 0 0 0 9
0 0 0 0 0 0 0 0 0 9
0 0 0 0 0 0 0 0 0 9
0 0 0 0 0 0 0 0 0 9
0 0 0 0 0 0 0 0 0 9
0 0 0 0 0 0 0 0 0 9
0 0 0 0 0 0 0 0 0 9
0 0 0 0 0 0 0 0 0 9
0 0 0 0 0 0 0 0 0 9
0 0 0 0 0 0 0 0 0 9
0 0 0 0 0 0 0 0 0 9
0 0 0 0 0 0 0 0 0 9
0 0 0 0 0 0 0 0 0 9
0 0 0 0 0 0 0 0 0 9
0 0 0 0 0 0 0 0 0 9
0 0 0 0 0 0 0 0 0 9
0 0 0 0 0 0 0 0 0 9
0 0 0 0 0 0 0 0 0 9
0 0 0 0 0 0 0 0 0 9
0 0 0 0 0 0 0 0 0 9
0 0 0 0 0 0 0 0 0 9
0 0 0 0 0 0 0 0 0 9
0 0 0 0 0 0 0 0 0 9
0 0 0 0 0 0 0 0 0 9
0 0 0 0 0 0 0 0 0 9
0 0 0 0 0 0 0 0 0 9
0 0 0 0 0 0 0 0 0 9
0 0 0 0 0 0 0 0 0 9
0 0 0 0 0 0 0 0 0 9
0 0 0 0 0 0 0 0 0 9
0 0 0 0 0 0 0 0 0 9
0 0 0 0 0 0 0 0 0 9
0 0 0 0 0 0 0 0 0 9
0 0 0 0 0 0 0 0 0 9
0 0 0 0 0 0 0 0 0 9
0 0 0 0 0 0 0 0 0 9
0 0 0 0 0 0 0 0 0 9
0 0 0 0 0 0 0 0 0 9
0 0 0 0 0 0 0 0 0 9
0 0 0 0 0 0 0 0 0 9
0 0 0 0 0 0 0 0 0 9
0 0 0 0 0 0 0 0 0 9
0 0 0 0 0 0 0 0 0 9
0 0 0 0 0 0 0 0 0 9
0 0 0 0 0 0 0 0 0 9
0 0 0 0 0 0 0 0 0 9
0 0 0 0 0 0 0 0 0 9
0 0 0 0 0 0 0 0 0 9
0 0 0 0 0 0 0 0 0 9
0 0 0 0 0 0 0 0 0 9
0 0 0 0 0 0 0 0 0 9
0 0 0 0 0 0 0 0 0 9
0 0 0 0 0 0 0 0 0 9
0 0 0 0 0 0 0 0 0 9
0 0 0 0 0 0 0 0 0 9
0 0 0 0 0 0 0 0 0 9
0 0 0 0 0 0 0 0 0 9
0 0 0 0 0 0 0 0 0 9
0 0 0 0 0 0 0 0 0 9
0 0 0 0 0 0 0 0 0 9
0 0 0 0 0 0 0 0 0 9
0 0 0 0 0 0 0 0 0 9
0 0 0 0 0 0 0 0 0 9
0 0 0 0 0 0 0 0 0 9
0 0 0 0 0 0 0 0 0 9
0 0 0 0 0 0 0 0 0 9
0 0 0 0 0 0 0 0 0 9
0 0 0 0 0 0 0 0 0 9
0 0 0 0 0 0 0 0 0 9
0 0 0 0 0 0 0 0 0 9
0 0 0 0 0 0 0 0 0 9
0 0 0 0 0 0 0 0 0 9
0 0 0 0 0 0 0 0 0 9
0 0 0 0 0 0 0 0 0 9
0 0 0 0 0 0 0 0 0 9
0 0 0 0 0 0 0 0 0 9
0 0 0 0 0 0 0 0 0 9
0 0 0 0 0 0 0 0 0 9
0 0 0 0 0 0 0 0 0 9
0 0 0 0 0 0 0 0 0 9
0 0 0 0 0 0 0 0 0 9
0 0 0 0 0 0 0 0 0 9
0 0 0 0 0 0 0 0 0 9
0 0 0 0 0 0 0 0 0 9
0 0 0 0 0 0 0 0 0 9
0 0 0 0 0 0 0 0 0 9
0 0 0 0 0 0 0 0 0 9
0 0 0 0 0 0 0 0 0 9
0 0 0 0 0 0 0 0 0 9
0 0 0 0 0 0 0 0 0 9
0 0 0 0 0 0 0 0 0 9
0 0 0 0 0 0 0 0 0 9
0 0 0 0 0 0 0 0 0 9
0 0 0 0 0 0 0 0 0 9
0 0 0 0 0 0 0 0 0 9
0 0 0 0 0 0 0 0 0 9
0 0 0 0 0 0 0 0 0 9
0 0 0 0 0 0 0 0 0 9
0 0 0 0 0 0 0 0 0 9
0 0 0 0 0 0 0 0 0 9
0 0 0 0 0 0 0 0 0 9
0 0 0 0 0 0 0 0 0 9
0 0 0 0 0 0 0 0 0 9
0 0 0 0 0 0 0 0 0 9
0 0 0 0 0 0 0 0 0 9
0 0 0 0 0 0 0 0 0 9
0 0 0 0 0 0 0 0 0 9
0 0 0 0 0 0 0 0 0 9
0 0 0 0 0 0 0 0 0 9
0 0 0 0 0 0 0 0 0 9
0 0 0 0 0 0 0 0 0 9
0 0 0 0 0 0 0 0 0 9
0 0 0 0 0 0 0 0 0 9
0 0 0 0 0 0 0 0 0 9
0 0 0 0 0 0 0 0 0 9
0 0 0 0 0 0 0 0 0 9
0 0 0 0 0 0 0 0 0 9
0 0 0 0 0 0 0 0 0 9
0 0 0 0 0 0 0 0 0 9
0 0 0 0 0 0 0 0 0 9
0 0 0 0 0 0 0 0 0 9
0 0 0 0 0 0 0 0 0 9
0 0 0 0 0 0 0 0 0 9
0 0 0 0 0 0 0 0 0 9
0 0 0 0 0 0 0 0 0 9
0 0 0 0 0 0 0 0 0 9
0 0 0 0 0 0 0 0 0 9
0 0 0 0 0 0 0 0 0 9
0 0 0 0 0 0 0 0 0 9
0 0 0 0 0 0 0 0 0 9
0 0 0 0 0 0 0 0 0 9
0 0 0 0 0 0 0 0 0 9
0 0 0 0 0 0 0 0 0 9
0 0 0 0 0 0 0 0 0 9
0 0 0 0 0 0 0 0 0 9
0 0 0 0 0 0 0 0 0 9
0 0 0 0 0 0 0 0 0 9
0 0 0 0 0 0 0 0 0 9
0 0 0 0 0 0 0 0 0 9
0 0 0 0 0 0 0 0 0 9
0 0 0 0 0 0 0 0 0 9
0 0 0 0 0 0 0 0 0 9
0 0 0 0 0 0 0 0 0 9
0 0 0 0 0 0 0 0 0 9
0 0 0 0 0 0 0 0 0 9
0 0 0 0 0 0 0 0 0 9
0 0 0 0 0 0 0 0 0 9
0 0 0 0 0 0 0 0 0 9
0 0 0 0 0 0 0 0 0 9
0 0 0 0 0 0 0 0 0 9
0 0 0 0 0 0 0 0 0 9
0 0 0 0 0 0 0 0 0 9
0 0 0 0 0 0 0 0 0 9
0 0 0 0 0 0 0 0 0 9
0 0 0 0 0 0 0 0 0 9
0 0 0 0 0 0 0 0 0 9
0 0 0 0 0 0 0 0 0 9
0 0 0 0 0 0 0 0 0 9
0 0 0 0 0 0 0 0 0 9
0 0 0 0 0 0 0 0 0 9
0 0 0 0 0 0 0 0 0 9
0 0 0 0 0 0 0 0 0 9
0 0 0 0 0 0 0 0 0 9
0 0 0 0 0 0 0 0 0 9
0 0 0 0 0 0 0 0 0 9
0 0 0 0 0 0 0 0 0 9
0 0 0 0 0 0 0 0 0 9
0 0 0 0 0 0 0 0 0 9
0 0 0 0 0 0 0 0 0 9
0 0 0 0 0 0 0 0 0 9
0 0 0 0 0 0 0 0 0 9
0 0 0 0 0 0 0 0 0 9
0 0 0 0 0 0 0 0 0 9
0 0 0 0 0 0 0 0 0 9
0 0 0 0 0 0 0 0 0 9
0 0 0 0 0 0 0 0 0 9
0 0 0 0 0 0 0 0 0 9
0 0 0 0 0 0 0 0 0 9
0 0 0 0 0 0 0 0 0 9
0 0 0 0 0 0 0 0 0 9
0 0 0 0 0 0 0 0 0 9
0 0 0 0 0 0 0 0 0 9
0 0 0 0 0 0 0 0 0 9
0 0 0 0 0 0 0 0 0 9
0 0 0 0 0 0 0 0 0 9
0 0 0 0 0 0 0 0 0 9
0 0 0 0 0 0 0 0 0 9
0 0 0 0 0 0 0 0 0 9
0 0 0 0 0 0 0 0 0 9
0 0 0 0 0 0 0 0 0 9
0 0 0 0 0 0 0 0 0 9
0 0 0 0 0 0 0 0 0 9
0 0 0 0 0 0 0 0 0 9
0 0 0 0 0 0 0 0 0 9
0 0 0 0 0 0 0 0 0 9
0 0 0 0 0 0 0 0 0 9
0 0 0 0 0 0 0 0 0 9
0 0 0 0 0 0 0 0 0 9
0 0 0 0 0 0 0 0 0 9
0 0 0 0 0 0 0 0 0 9
0 0 0 0 0 0 0 0 0 9
0 0 0 0 0 0 0 0 0 9
0 0 0 0 0 0 0 0 0 9
0 0 0 0 0 0 0 0 0 9
0 0 0 0 0 0 0 0 0 9
0 0 0 0 0 0 0 0 0 9
0 0 0 0 0 0 0 0 1 0
0 0 0 0 0 0 0 0 1 0
0 0 0 0 0 0 0 0 1 9
0 0 0 0 0 0 0 0 1 9
0 0 0 0 0 0 0 0 2 9
0 0 0 0 0 0 0 0 5 0
0 0 0 0 0 0 0 0 5 9
0 0 0 0 0 0 0 0 5 9
0 0 0 0 0 0 0 0 6 0
0 0 0 0 0 0 0 0 9 0
0 0 0 0 0 0 0 0 9 0
0 0 0 0 0 0 0 0 9 0
0 0 0 0 0 0 0 0 9 0
0 0 0 0 0 0 0 0 9 0
0 0 0 0 0 0 0 0 9 0
0 0 0 0 0 0 0 0 9 0
0 0 0 0 0 0 0 0 9 0
0 0 0 0 0 0 0 0 9 0
0 0 0 0 0 0 0 0 9 0
0 0 0 0 0 0 0 0 9 0
0 0 0 0 0 0 0 0 9 0
0 0 0 0 0 0 0 0 9 0
0 0 0 0 0 0 0 0 9 0
0 0 0 0 0 0 0 0 9 0
0 0 0 0 0 0 0 0 9 0
0 0 0 0 0 0 0 0 9 0
0 0 0 0 0 0 0 0 9 0
0 0 0 0 0 0 0 0 9 0
0 0 0 0 0 0 0 0 9 0
0 0 0 0 0 0 0 0 9 0
0 0 0 0 0 0 0 0 9 0
0 0 0 0 0 0 0 0 9 0
0 0 0 0 0 0 0 0 9 0
0 0 0 0 0 0 0 0 9 0
0 0 0 0 0 0 0 0 9 0
0 0 0 0 0 0 0 0 9 0
0 0 0 0 0 0 0 0 9 0
0 0 0 0 0 0 0 0 9 0
0 0 0 0 0 0 0 0 9 0
0 0 0 0 0 0 0 0 9 0
0 0 0 0 0 0 0 0 9 0
0 0 0 0 0 0 0 0 9 0
0 0 0 0 0 0 0 0 9 0
0 0 0 0 0 0 0 0 9 0
0 0 0 0 0 0 0 0 9 0
0 0 0 0 0 0 0 0 9 0
0 0 0 0 0 0 0 0 9 0
0 0 0 0 0 0 0 0 9 0
0 0 0 0 0 0 0 0 9 0
0 0 0 0 0 0 0 0 9 0
0 0 0 0 0 0 0 0 9 0
0 0 0 0 0 0 0 0 9 0
0 0 0 0 0 0 0 0 9 0
0 0 0 0 0 0 0 0 9 0
0 0 0 0 0 0 0 0 9 0
0 0 0 0 0 0 0 0 9 0
0 0 0 0 0 0 0 0 9 0
0 0 0 0 0 0 0 0 9 0
0 0 0 0 0 0 0 0 9 0
0 0 0 0 0 0 0 0 9 0
0 0 0 0 0 0 0 0 9 0
0 0 0 0 0 0 0 0 9 0
0 0 0 0 0 0 0 0 9 0
0 0 0 0 0 0 0 0 9 0
0 0 0 0 0 0 0 0 9 0
0 0 0 0 0 0 0 0 9 0
0 0 0 0 0 0 0 0 9 0
0 0 0 0 0 0 0 0 9 0
0 0 0 0 0 0 0 0 9 0
0 0 0 0 0 0 0 0 9 0
0 0 0 0 0 0 0 0 9 0
0 0 0 0 0 0 0 0 9 0
0 0 0 0 0 0 0 0 9 0
0 0 0 0 0 0 0 0 9 0
0 0 0 0 0 0 0 0 9 0
0 0 0 0 0 0 0 0 9 0
0 0 0 0 0 0 0 0 9 0
0 0 0 0 0 0 0 0 9 0
0 0 0 0 0 0 0 0 9 0
0 0 0 0 0 0 0 0 9 0
0 0 0 0 0 0 0 0 9 0
0 0 0 0 0 0 0 0 9 0
0 0 0 0 0 0 0 0 9 0
0 0 0 0 0 0 0 0 9 0
0 0 0 0 0 0 0 0 9 0
0 0 0 0 0 0 0 0 9 0
0 0 0 0 0 0 0 0 9 0
0 0 0 0 0 0 0 0 9 0
0 0 0 0 0 0 0 0 9 0
0 0 0 0 0 0 0 0 9 0
0 0 0 0 0 0 0 0 9 0
0 0 0 0 0 0 0 0 9 0
0 0 0 0 0 0 0 0 9 0
0 0 0 0 0 0 0 0 9 0
0 0 0 0 0 0 0 0 9 0
0 0 0 0 0 0 0 0 9 0
0 0 0 0 0 0 0 0 9 0
0 0 0 0 0 0 0 0 9 0
0 0 0 0 0 0 0 0 9 0
0 0 0 0 0 0 0 0 9 0
0 0 0 0 0 0 0 0 9 0
0 0 0 0 0 0 0 0 9 0
0 0 0 0 0 0 0 0 9 0
0 0 0 0 0 0 0 0 9 0
0 0 0 0 0 0 0 0 9 0
0 0 0 0 0 0 0 0 9 0
0 0 0 0 0 0 0 0 9 0
0 0 0 0 0 0 0 0 9 0
0 0 0 0 0 0 0 0 9 0
0 0 0 0 0 0 0 0 9 0
0 0 0 0 0 0 0 0 9 0
0 0 0 0 0 0 0 0 9 0
0 0 0 0 0 0 0 0 9 0
0 0 0 0 0 0 0 0 9 0
0 0 0 0 0 0 0 0 9 0
0 0 0 0 0 0 0 0 9 0
0 0 0 0 0 0 0 0 9 0
0 0 0 0 0 0 0 0 9 0
0 0 0 0 0 0 0 0 9 0
0 0 0 0 0 0 0 0 9 0
0 0 0 0 0 0 0 0 9 0
0 0 0 0 0 0 0 0 9 0
0 0 0 0 0 0 0 0 9 0
0 0 0 0 0 0 0 0 9 0
0 0 0 0 0 0 0 0 9 0
0 0 0 0 0 0 0 0 9 0
0 0 0 0 0 0 0 0 9 0
0 0 0 0 0 0 0 0 9 0
0 0 0 0 0 0 0 0 9 0
0 0 0 0 0 0 0 0 9 0
0 0 0 0 0 0 0 0 9 0
0 0 0 0 0 0 0 0 9 0
0 0 0 0 0 0 0 0 9 0
0 0 0 0 0 0 0 0 9 0
0 0 0 0 0 0 0 0 9 0
0 0 0 0 0 0 0 0 9 0
0 0 0 0 0 0 0 0 9 0
0 0 0 0 0 0 0 0 9 0
0 0 0 0 0 0 0 0 9 0
0 0 0 0 0 0 0 0 9 0
0 0 0 0 0 0 0 0 9 0
0 0 0 0 0 0 0 0 9 0
0 0 0 0 0 0 0 0 9 0
0 0 0 0 0 0 0 0 9 0
0 0 0 0 0 0 0 0 9 0
0 0 0 0 0 0 0 0 9 0
0 0 0 0 0 0 0 0 9 0
0 0 0 0 0 0 0 0 9 0
0 0 0 0 0 0 0 0 9 0
0 0 0 0 0 0 0 0 9 0
0 0 0 0 0 0 0 0 9 0
0 0 0 0 0 0 0 0 9 0
0 0 0 0 0 0 0 0 9 0
0 0 0 0 0 0 0 0 9 0
0 0 0 0 0 0 0 0 9 0
0 0 0 0 0 0 0 0 9 0
0 0 0 0 0 0 0 0 9 0
0 0 0 0 0 0 0 0 9 0
0 0 0 0 0 0 0 0 9 0
0 0 0 0 0 0 0 0 9 0
0 0 0 0 0 0 0 0 9 0
0 0 0 0 0 0 0 0 9 0
0 0 0 0 0 0 0 0 9 0
0 0 0 0 0 0 0 0 9 0
0 0 0 0 0 0 0 0 9 0
0 0 0 0 0 0 0 0 9 0
0 0 0 0 0 0 0 0 9 0
0 0 0 0 0 0 0 0 9 0
0 0 0 0 0 0 0 0 9 0
0 0 0 0 0 0 0 0 9 0
0 0 0 0 0 0 0 0 9 0
0 0 0 0 0 0 0 0 9 0
0 0 0 0 0 0 0 0 9 0
0 0 0 0 0 0 0 0 9 0
0 0 0 0 0 0 0 0 9 0
0 0 0 0 0 0 0 0 9 2
0 0 0 0 0 0 0 0 9 2
0 0 0 0 0 0 0 0 9 2
0 0 0 0 0 0 0 0 9 4
0 0 0 0 0 0 0 0 9 4
0 0 0 0 0 0 0 0 9 4
0 0 0 0 0 0 0 0 9 6
0 0 0 0 0 0 0 0 9 6
0 0 0 0 0 0 0 0 9 6
0 0 0 0 0 0 0 0 9 6
0 0 0 0 0 0 0 0 9 6
0 0 0 0 0 0 0 0 9 6
0 0 0 0 0 0 0 0 9 7
0 0 0 0 0 0 0 0 9 8
0 0 0 0 0 0 0 0 9 8
0 0 0 0 0 0 0 0 9 8
0 0 0 0 0 0 0 0 9 9
0 0 0 0 0 0 0 0 9 9
0 0 0 0 0 0 0 0 9 9
0 0 0 0 0 0 0 0 9 9
0 0 0 0 0 0 0 0 9 9
0 0 0 0 0 0 0 0 9 9
0 0 0 0 0 0 0 0 9 9
0 0 0 0 0 0 0 0 9 9
0 0 0 0 0 0 0 0 9 9
0 0 0 0 0 0 0 0 9 9
0 0 0 0 0 0 0 0 9 9
0 0 0 0 0 0 0 0 9 9
0 0 0 0 0 0 0 0 9 9
0 0 0 0 0 0 0 0 9 9
0 0 0 0 0 0 0 0 9 9
0 0 0 0 0 0 0 0 9 9
0 0 0 0 0 0 0 0 9 9
0 0 0 0 0 0 0 0 9 9
0 0 0 0 0 0 0 0 9 9
0 0 0 0 0 0 0 0 9 9
0 0 0 0 0 0 0 0 9 9
0 0 0 0 0 0 0 0 9 9
0 0 0 0 0 0 0 0 9 9
0 0 0 0 0 0 0 0 9 9
0 0 0 0 0 0 0 0 9 9
0 0 0 0 0 0 0 0 9 9
0 0 0 0 0 0 0 0 9 9
0 0 0 0 0 0 0 0 9 9
0 0 0 0 0 0 0 0 9 9
0 0 0 0 0 0 0 0 9 9
0 0 0 0 0 0 0 0 9 9
0 0 0 0 0 0 0 0 9 9
0 0 0 0 0 0 0 0 9 9
0 0 0 0 0 0 0 0 9 9
0 0 0 0 0 0 0 0 9 9
0 0 0 0 0 0 0 0 9 9
0 0 0 0 0 0 0 0 9 9
0 0 0 0 0 0 0 0 9 9
0 0 0 0 0 0 0 0 9 9
0 0 0 0 0 0 0 0 9 9
0 0 0 0 0 0 0 0 9 9
0 0 0 0 0 0 0 0 9 9
0 0 0 0 0 0 0 0 9 9
0 0 0 0 0 0 0 0 9 9
0 0 0 0 0 0 0 0 9 9
0 0 0 0 0 0 0 0 9 9
0 0 0 0 0 0 0 0 9 9
0 0 0 0 0 0 0 0 9 9
0 0 0 0 0 0 0 0 9 9
0 0 0 0 0 0 0 0 9 9
0 0 0 0 0 0 0 0 9 9
0 0 0 0 0 0 0 0 9 9
0 0 0 0 0 0 0 0 9 9
0 0 0 0 0 0 0 0 9 9
0 0 0 0 0 0 0 0 9 9
0 0 0 0 0 0 0 0 9 9
0 0 0 0 0 0 0 0 9 9
0 0 0 0 0 0 0 0 9 9
0 0 0 0 0 0 0 0 9 9
0 0 0 0 0 0 0 0 9 9
0 0 0 0 0 0 0 0 9 9
0 0 0 0 0 0 0 0 9 9
0 0 0 0 0 0 0 0 9 9
0 0 0 0 0 0 0 0 9 9
0 0 0 0 0 0 0 0 9 9
0 0 0 0 0 0 0 0 9 9
0 0 0 0 0 0 0 0 9 9
0 0 0 0 0 0 0 0 9 9
0 0 0 0 0 0 0 0 9 9
0 0 0 0 0 0 0 0 9 9
0 0 0 0 0 0 0 0 9 9
0 0 0 0 0 0 0 0 9 9
0 0 0 0 0 0 0 0 9 9
0 0 0 0 0 0 0 0 9 9
0 0 0 0 0 0 0 0 9 9
0 0 0 0 0 0 0 0 9 9
0 0 0 0 0 0 0 0 9 9
0 0 0 0 0 0 0 0 9 9
0 0 0 0 0 0 0 0 9 9
0 0 0 0 0 0 0 0 9 9
0 0 0 0 0 0 0 0 9 9
0 0 0 0 0 0 0 0 9 9
0 0 0 0 0 0 0 0 9 9
0 0 0 0 0 0 0 0 9 9
0 0 0 0 0 0 0 0 9 9
0 0 0 0 0 0 0 0 9 9
0 0 0 0 0 0 0 0 9 9
0 0 0 0 0 0 0 0 9 9
0 0 0 0 0 0 0 0 9 9
0 0 0 0 0 0 0 0 9 9
0 0 0 0 0 0 0 0 9 9
0 0 0 0 0 0 0 0 9 9
0 0 0 0 0 0 0 0 9 9
0 0 0 0 0 0 0 0 9 9
0 0 0 0 0 0 0 0 9 9
0 0 0 0 0 0 0 0 9 9
0 0 0 0 0 0 0 0 9 9
0 0 0 0 0 0 0 0 9 9
0 0 0 0 0 0 0 0 9 9
0 0 0 0 0 0 0 0 9 9
0 0 0 0 0 0 0 0 9 9
0 0 0 0 0 0 0 0 9 9
0 0 0 0 0 0 0 0 9 9
0 0 0 0 0 0 0 0 9 9
0 0 0 0 0 0 0 0 9 9
0 0 0 0 0 0 0 0 9 9
0 0 0 0 0 0 0 0 9 9
0 0 0 0 0 0 0 0 9 9
0 0 0 0 0 0 0 0 9 9
0 0 0 0 0 0 0 8 0 0
0 0 0 0 0 0 0 9 0 0
0 0 0 0 0 0 0 9 0 0
0 0 0 0 0 0 0 9 0 0
0 0 0 0 0 0 0 9 0 0
0 0 0 0 0 0 0 9 0 0
0 0 0 0 0 0 0 9 0 0
0 0 0 0 0 0 0 9 0 0
0 0 0 0 0 0 0 9 0 0
0 0 0 0 0 0 0 9 0 0
0 0 0 0 0 0 0 9 0 0
0 0 0 0 0 0 0 9 0 0
0 0 0 0 0 0 0 9 0 0
0 0 0 0 0 0 0 9 0 0
0 0 0 0 0 0 0 9 0 0
0 0 0 0 0 0 0 9 0 0
0 0 0 0 0 0 0 9 0 0
0 0 0 0 0 0 0 9 0 0
0 0 0 0 0 0 0 9 0 0
0 0 0 0 0 0 0 9 0 0
0 0 0 0 0 0 0 9 0 0
0 0 0 0 0 0 0 9 0 0
0 0 0 0 0 0 0 9 0 0
0 0 0 0 0 0 0 9 0 0
0 0 0 0 0 0 0 9 0 0
0 0 0 0 0 0 0 9 0 0
0 0 0 0 0 0 0 9 0 0
0 0 0 0 0 0 0 9 0 0
0 0 0 0 0 0 0 9 0 0
0 0 0 0 0 0 0 9 0 0
0 0 0 0 0 0 0 9 0 0
0 0 0 0 0 0 0 9 0 0
0 0 0 0 0 0 0 9 0 0
0 0 0 0 0 0 0 9 0 0
0 0 0 0 0 0 0 9 0 0
0 0 0 0 0 0 0 9 0 0
0 0 0 0 0 0 0 9 0 0
0 0 0 0 0 0 0 9 0 0
0 0 0 0 0 0 0 9 0 0
0 0 0 0 0 0 0 9 0 0
0 0 0 0 0 0 0 9 0 0
0 0 0 0 0 0 0 9 0 0
0 0 0 0 0 0 0 9 0 0
0 0 0 0 0 0 0 9 0 0
0 0 0 0 0 0 0 9 0 0
0 0 0 0 0 0 0 9 0 0
0 0 0 0 0 0 0 9 0 0
0 0 0 0 0 0 0 9 0 0
0 0 0 0 0 0 0 9 0 0
0 0 0 0 0 0 0 9 0 0
0 0 0 0 0 0 0 9 0 0
0 0 0 0 0 0 0 9 0 0
0 0 0 0 0 0 0 9 0 0
0 0 0 0 0 0 0 9 0 0
0 0 0 0 0 0 0 9 0 0
0 0 0 0 0 0 0 9 0 0
0 0 0 0 0 0 0 9 0 0
0 0 0 0 0 0 0 9 0 0
0 0 0 0 0 0 0 9 0 0
0 0 0 0 0 0 0 9 0 0
0 0 0 0 0 0 0 9 0 0
0 0 0 0 0 0 0 9 0 0
0 0 0 0 0 0 0 9 0 0
0 0 0 0 0 0 0 9 0 0
0 0 0 0 0 0 0 9 0 0
0 0 0 0 0 0 0 9 0 0
0 0 0 0 0 0 0 9 0 0
0 0 0 0 0 0 0 9 0 0
0 0 0 0 0 0 0 9 0 0
0 0 0 0 0 0 0 9 0 0
0 0 0 0 0 0 0 9 0 0
0 0 0 0 0 0 0 9 0 0
0 0 0 0 0 0 0 9 0 0
0 0 0 0 0 0 0 9 0 0
0 0 0 0 0 0 0 9 0 0
0 0 0 0 0 0 0 9 0 0
0 0 0 0 0 0 0 9 0 0
0 0 0 0 0 0 0 9 0 0
0 0 0 0 0 0 0 9 0 0
0 0 0 0 0 0 0 9 0 0
0 0 0 0 0 0 0 9 0 0
0 0 0 0 0 0 0 9 0 0
0 0 0 0 0 0 0 9 0 0
0 0 0 0 0 0 0 9 0 0
0 0 0 0 0 0 0 9 0 0
0 0 0 0 0 0 0 9 0 0
0 0 0 0 0 0 0 9 0 0
0 0 0 0 0 0 0 9 0 0
0 0 0 0 0 0 0 9 0 0
0 0 0 0 0 0 0 9 0 0
0 0 0 0 0 0 0 9 0 0
0 0 0 0 0 0 0 9 0 0
0 0 0 0 0 0 0 9 0 0
0 0 0 0 0 0 0 9 0 0
0 0 0 0 0 0 0 9 0 0
0 0 0 0 0 0 0 9 0 0
0 0 0 0 0 0 0 9 0 0
0 0 0 0 0 0 0 9 0 0
0 0 0 0 0 0 0 9 0 0
0 0 0 0 0 0 0 9 0 0
0 0 0 0 0 0 0 9 0 0
0 0 0 0 0 0 0 9 0 0
0 0 0 0 0 0 0 9 0 0
0 0 0 0 0 0 0 9 0 0
0 0 0 0 0 0 0 9 0 0
0 0 0 0 0 0 0 9 0 0
0 0 0 0 0 0 0 9 0 0
0 0 0 0 0 0 0 9 0 0
0 0 0 0 0 0 0 9 0 3
0 0 0 0 0 0 0 9 0 4
0 0 0 0 0 0 0 9 0 9
0 0 0 0 0 0 0 9 0 9
0 0 0 0 0 0 0 9 0 9
0 0 0 0 0 0 0 9 0 9
0 0 0 0 0 0 0 9 0 9
0 0 0 0 0 0 0 9 0 9
0 0 0 0 0 0 0 9 0 9
0 0 0 0 0 0 0 9 0 9
0 0 0 0 0 0 0 9 0 9
0 0 0 0 0 0 0 9 0 9
0 0 0 0 0 0 0 9 0 9
0 0 0 0 0 0 0 9 0 9
0 0 0 0 0 0 0 9 0 9
0 0 0 0 0 0 0 9 0 9
0 0 0 0 0 0 0 9 0 9
0 0 0 0 0 0 0 9 0 9
0 0 0 0 0 0 0 9 0 9
0 0 0 0 0 0 0 9 0 9
0 0 0 0 0 0 0 9 0 9
0 0 0 0 0 0 0 9 0 9
0 0 0 0 0 0 0 9 0 9
0 0 0 0 0 0 0 9 0 9
0 0 0 0 0 0 0 9 0 9
0 0 0 0 0 0 0 9 0 9
0 0 0 0 0 0 0 9 0 9
0 0 0 0 0 0 0 9 0 9
0 0 0 0 0 0 0 9 0 9
0 0 0 0 0 0 0 9 0 9
0 0 0 0 0 0 0 9 0 9
0 0 0 0 0 0 0 9 0 9
0 0 0 0 0 0 0 9 0 9
0 0 0 0 0 0 0 9 0 9
0 0 0 0 0 0 0 9 0 9
0 0 0 0 0 0 0 9 0 9
0 0 0 0 0 0 0 9 0 9
0 0 0 0 0 0 0 9 0 9
0 0 0 0 0 0 0 9 0 9
0 0 0 0 0 0 0 9 0 9
0 0 0 0 0 0 0 9 0 9
0 0 0 0 0 0 0 9 0 9
0 0 0 0 0 0 0 9 0 9
0 0 0 0 0 0 0 9 0 9
0 0 0 0 0 0 0 9 0 9
0 0 0 0 0 0 0 9 0 9
0 0 0 0 0 0 0 9 0 9
0 0 0 0 0 0 0 9 0 9
0 0 0 0 0 0 0 9 0 9
0 0 0 0 0 0 0 9 1 0
0 0 0 0 0 0 0 9 1 9
0 0 0 0 0 0 0 9 1 9
0 0 0 0 0 0 0 9 1 9
0 0 0 0 0 0 0 9 2 0
0 0 0 0 0 0 0 9 3 0
0 0 0 0 0 0 0 9 3 0
0 0 0 0 0 0 0 9 5 9
0 0 0 0 0 0 0 9 5 9
0 0 0 0 0 0 0 9 5 9
0 0 0 0 0 0 0 9 8 0
0 0 0 0 0 0 0 9 8 9
0 0 0 0 0 0 0 9 9 0
0 0 0 0 0 0 0 9 9 0
0 0 0 0 0 0 0 9 9 0
0 0 0 0 0 0 0 9 9 0
0 0 0 0 0 0 0 9 9 0
0 0 0 0 0 0 0 9 9 0
0 0 0 0 0 0 0 9 9 0
0 0 0 0 0 0 0 9 9 0
0 0 0 0 0 0 0 9 9 0
0 0 0 0 0 0 0 9 9 0
0 0 0 0 0 0 0 9 9 0
0 0 0 0 0 0 0 9 9 0
0 0 0 0 0 0 0 9 9 0
0 0 0 0 0 0 0 9 9 0
0 0 0 0 0 0 0 9 9 0
0 0 0 0 0 0 0 9 9 0
0 0 0 0 0 0 0 9 9 0
0 0 0 0 0 0 0 9 9 0
0 0 0 0 0 0 0 9 9 0
0 0 0 0 0 0 0 9 9 0
0 0 0 0 0 0 0 9 9 0
0 0 0 0 0 0 0 9 9 0
0 0 0 0 0 0 0 9 9 0
0 0 0 0 0 0 0 9 9 0
0 0 0 0 0 0 0 9 9 0
0 0 0 0 0 0 0 9 9 0
0 0 0 0 0 0 0 9 9 0
0 0 0 0 0 0 0 9 9 0
0 0 0 0 0 0 0 9 9 2
0 0 0 0 0 0 0 9 9 2
0 0 0 0 0 0 0 9 9 3
0 0 0 0 0 0 0 9 9 4
0 0 0 0 0 0 0 9 9 4
0 0 0 0 0 0 0 9 9 4
0 0 0 0 0 0 0 9 9 4
0 0 0 0 0 0 0 9 9 5
0 0 0 0 0 0 0 9 9 6
0 0 0 0 0 0 0 9 9 6
0 0 0 0 0 0 0 9 9 7
0 0 0 0 0 0 0 9 9 8
0 0 0 0 0 0 0 9 9 9
0 0 0 0 0 0 0 9 9 9
0 0 0 0 0 0 0 9 9 9
0 0 0 0 0 0 0 9 9 9
0 0 0 0 0 0 0 9 9 9
0 0 0 0 0 0 0 9 9 9
0 0 0 0 0 0 0 9 9 9
0 0 0 0 0 0 0 9 9 9
0 0 0 0 0 0 0 9 9 9
0 0 0 0 0 0 0 9 9 9
0 0 0 0 0 0 0 9 9 9
0 0 0 0 0 0 0 9 9 9
0 0 0 0 0 0 0 9 9 9
0 0 0 0 0 0 0 9 9 9
0 0 0 0 0 0 0 9 9 9
0 0 0 0 0 0 0 9 9 9
0 0 0 0 0 0 0 9 9 9
0 0 0 0 0 0 0 9 9 9
0 0 0 0 0 0 0 9 9 9
0 0 0 0 0 0 0 9 9 9
0 0 0 0 0 0 0 9 9 9
0 0 0 0 0 0 0 9 9 9
0 0 0 0 0 0 0 9 9 9
0 0 0 0 0 0 0 9 9 9
0 0 0 0 0 0 0 9 9 9
0 0 0 0 0 0 0 9 9 9
0 0 0 0 0 0 0 9 9 9
0 0 0 0 0 0 0 9 9 9
0 0 0 0 0 0 0 9 9 9
0 0 0 0 0 0 0 9 9 9
0 0 0 0 0 0 0 9 9 9
0 0 0 0 0 0 0 9 9 9
0 0 0 0 0 0 0 9 9 9
0 0 0 0 0 0 0 9 9 9
0 0 0 0 0 0 0 9 9 9
0 0 0 0 0 0 0 9 9 9
0 0 0 0 0 0 0 9 9 9
0 0 0 0 0 0 0 9 9 9
0 0 0 0 0 0 0 9 9 9
0 0 0 0 0 0 0 9 9 9
0 0 0 0 0 0 0 9 9 9
0 0 0 0 0 0 0 9 9 9
0 0 0 0 0 0 0 9 9 9
0 0 0 0 0 0 0 9 9 9
0 0 0 0 0 0 0 9 9 9
0 0 0 0 0 0 0 9 9 9
0 0 0 0 0 0 0 9 9 9
0 0 0 0 0 0 0 9 9 9
0 0 0 0 0 0 0 9 9 9
0 0 0 0 0 0 0 9 9 9
0 0 0 0 0 0 0 9 9 9
0 0 0 0 0 0 0 9 9 9
0 0 0 0 0 0 0 9 9 9
0 0 0 0 0 0 0 9 9 9
0 0 0 0 0 0 0 9 9 9
0 0 0 0 0 0 0 9 9 9
0 0 0 0 0 0 0 9 9 9
0 0 0 0 0 0 0 9 9 9
0 0 0 0 0 0 0 9 9 9
0 0 0 0 0 0 0 9 9 9
0 0 0 0 0 0 0 9 9 9
0 0 0 0 0 0 0 9 9 9
0 0 0 0 0 0 0 9 9 9
0 0 0 0 0 0 0 9 9 9
0 0 0 0 0 0 0 9 9 9
0 0 0 0 0 0 0 9 9 9
0 0 0 0 0 0 0 9 9 9
0 0 0 0 0 0 0 9 9 9
0 0 0 0 0 0 0 9 9 9
0 0 0 0 0 0 0 9 9 9
0 0 0 0 0 0 0 9 9 9
0 0 0 0 0 0 0 9 9 9
0 0 0 0 0 0 0 9 9 9
0 0 0 0 0 0 0 9 9 9
0 0 0 0 0 0 0 9 9 9
0 0 0 0 0 0 0 9 9 9
0 0 0 0 0 0 0 9 9 9
0 0 0 0 0 0 0 9 9 9
0 0 0 0 0 0 0 9 9 9
0 0 0 0 0 0 0 9 9 9
0 0 0 0 0 0 0 9 9 9
0 0 0 0 0 0 0 9 9 9
0 0 0 0 0 0 0 9 9 9
0 0 0 0 0 0 1 0 0 0
0 0 0 0 0 0 1 2 0 0
0 0 0 0 0 0 1 9 0 0
0 0 0 0 0 0 1 9 1 4
0 0 0 0 0 0 1 9 9 0
0 0 0 0 0 0 1 9 9 0
0 0 0 0 0 0 2 0 0 0
0 0 0 0 0 0 2 0 0 0
0 0 0 0 0 0 2 0 0 9
0 0 0 0 0 0 2 2 0 0
0 0 0 0 0 0 2 9 0 9
0 0 0 0 0 0 2 9 9 0
0 0 0 0 0 0 2 9 9 9
0 0 0 0 0 0 3 0 0 0
0 0 0 0 0 0 3 2 0 0
0 0 0 0 0 0 3 9 0 9
0 0 0 0 0 0 4 0 0 0
0 0 0 0 0 0 4 0 0 0
0 0 0 0 0 0 4 9 9 9
0 0 0 0 0 0 5 0 0 0
0 0 0 0 0 0 5 0 7 9
0 0 0 0 0 0 5 0 9 0
0 0 0 0 0 0 5 9 9 9
0 0 0 0 0 0 5 9 9 9
0 0 0 0 0 0 6 0 0 0
0 0 0 0 0 0 6 0 0 0
0 0 0 0 0 0 6 9 0 0
0 0 0 0 0 0 6 9 9 9
0 0 0 0 0 0 7 0 0 0
0 0 0 0 0 0 7 9 9 9
0 0 0 0 0 0 8 0 0 0
0 0 0 0 0 0 8 0 5 9
0 0 0 0 0 0 8 9 0 0
0 0 0 0 0 0 8 9 0 0
0 0 0 0 0 0 9 0 0 0
0 0 0 0 0 0 9 0 0 0
0 0 0 0 0 0 9 0 0 0
0 0 0 0 0 0 9 0 0 0
0 0 0 0 0 0 9 0 0 0
0 0 0 0 0 0 9 0 0 0
0 0 0 0 0 0 9 0 0 0
0 0 0 0 0 0 9 0 0 0
0 0 0 0 0 0 9 0 0 0
0 0 0 0 0 0 9 0 0 0
0 0 0 0 0 0 9 0 0 0
0 0 0 0 0 0 9 0 0 0
0 0 0 0 0 0 9 0 0 0
0 0 0 0 0 0 9 0 0 0
0 0 0 0 0 0 9 0 0 0
0 0 0 0 0 0 9 0 0 0
0 0 0 0 0 0 9 0 0 0
0 0 0 0 0 0 9 0 0 0
0 0 0 0 0 0 9 0 0 0
0 0 0 0 0 0 9 0 0 0
0 0 0 0 0 0 9 0 0 0
0 0 0 0 0 0 9 0 0 0
0 0 0 0 0 0 9 0 0 0
0 0 0 0 0 0 9 0 0 0
0 0 0 0 0 0 9 0 0 0
0 0 0 0 0 0 9 0 0 0
0 0 0 0 0 0 9 0 0 0
0 0 0 0 0 0 9 0 0 0
0 0 0 0 0 0 9 0 0 0
0 0 0 0 0 0 9 0 0 0
0 0 0 0 0 0 9 0 0 0
0 0 0 0 0 0 9 0 0 0
0 0 0 0 0 0 9 0 0 0
0 0 0 0 0 0 9 0 0 0
0 0 0 0 0 0 9 0 0 0
0 0 0 0 0 0 9 0 0 0
0 0 0 0 0 0 9 0 0 0
0 0 0 0 0 0 9 0 0 0
0 0 0 0 0 0 9 0 0 0
0 0 0 0 0 0 9 0 0 0
0 0 0 0 0 0 9 0 0 0
0 0 0 0 0 0 9 0 0 0
0 0 0 0 0 0 9 0 0 0
0 0 0 0 0 0 9 0 0 0
0 0 0 0 0 0 9 0 0 0
0 0 0 0 0 0 9 0 0 0
0 0 0 0 0 0 9 0 0 0
0 0 0 0 0 0 9 0 0 0
0 0 0 0 0 0 9 0 0 0
0 0 0 0 0 0 9 0 0 0
0 0 0 0 0 0 9 0 0 0
0 0 0 0 0 0 9 0 0 0
0 0 0 0 0 0 9 0 0 0
0 0 0 0 0 0 9 0 0 0
0 0 0 0 0 0 9 0 0 0
0 0 0 0 0 0 9 0 0 0
0 0 0 0 0 0 9 0 0 0
0 0 0 0 0 0 9 0 0 0
0 0 0 0 0 0 9 0 0 0
0 0 0 0 0 0 9 0 0 0
0 0 0 0 0 0 9 0 0 0
0 0 0 0 0 0 9 0 0 0
0 0 0 0 0 0 9 0 0 0
0 0 0 0 0 0 9 0 0 0
0 0 0 0 0 0 9 0 0 0
0 0 0 0 0 0 9 0 0 0
0 0 0 0 0 0 9 0 0 0
0 0 0 0 0 0 9 0 0 0
0 0 0 0 0 0 9 0 0 0
0 0 0 0 0 0 9 0 0 0
0 0 0 0 0 0 9 0 0 0
0 0 0 0 0 0 9 0 0 0
0 0 0 0 0 0 9 0 0 0
0 0 0 0 0 0 9 0 0 0
0 0 0 0 0 0 9 0 0 0
0 0 0 0 0 0 9 0 0 0
0 0 0 0 0 0 9 0 0 0
0 0 0 0 0 0 9 0 0 0
0 0 0 0 0 0 9 0 0 0
0 0 0 0 0 0 9 0 0 0
0 0 0 0 0 0 9 0 0 0
0 0 0 0 0 0 9 0 0 0
0 0 0 0 0 0 9 0 0 0
0 0 0 0 0 0 9 0 0 0
0 0 0 0 0 0 9 0 0 0
0 0 0 0 0 0 9 0 0 0
0 0 0 0 0 0 9 0 0 0
0 0 0 0 0 0 9 0 0 0
0 0 0 0 0 0 9 0 0 0
0 0 0 0 0 0 9 0 0 0
0 0 0 0 0 0 9 0 0 0
0 0 0 0 0 0 9 0 0 0
0 0 0 0 0 0 9 0 0 0
0 0 0 0 0 0 9 0 0 0
0 0 0 0 0 0 9 0 0 0
0 0 0 0 0 0 9 0 0 0
0 0 0 0 0 0 9 0 0 0
0 0 0 0 0 0 9 0 0 0
0 0 0 0 0 0 9 0 0 0
0 0 0 0 0 0 9 0 0 0
0 0 0 0 0 0 9 0 0 0
0 0 0 0 0 0 9 0 0 0
0 0 0 0 0 0 9 0 0 0
0 0 0 0 0 0 9 0 0 0
0 0 0 0 0 0 9 0 0 0
0 0 0 0 0 0 9 0 0 0
0 0 0 0 0 0 9 0 0 0
0 0 0 0 0 0 9 0 0 0
0 0 0 0 0 0 9 0 0 0
0 0 0 0 0 0 9 0 0 0
0 0 0 0 0 0 9 0 0 0
0 0 0 0 0 0 9 0 0 0
0 0 0 0 0 0 9 0 0 0
0 0 0 0 0 0 9 0 0 0
0 0 0 0 0 0 9 0 0 0
0 0 0 0 0 0 9 0 0 0
0 0 0 0 0 0 9 0 0 0
0 0 0 0 0 0 9 0 0 0
0 0 0 0 0 0 9 0 0 0
0 0 0 0 0 0 9 0 0 0
0 0 0 0 0 0 9 0 0 0
0 0 0 0 0 0 9 0 0 0
0 0 0 0 0 0 9 0 0 0
0 0 0 0 0 0 9 0 0 0
0 0 0 0 0 0 9 0 0 0
0 0 0 0 0 0 9 0 0 0
0 0 0 0 0 0 9 0 0 0
0 0 0 0 0 0 9 0 0 0
0 0 0 0 0 0 9 0 0 0
0 0 0 0 0 0 9 0 0 0
0 0 0 0 0 0 9 0 0 0
0 0 0 0 0 0 9 0 0 0
0 0 0 0 0 0 9 0 0 0
0 0 0 0 0 0 9 0 0 0
0 0 0 0 0 0 9 0 0 0
0 0 0 0 0 0 9 0 0 0
0 0 0 0 0 0 9 0 0 0
0 0 0 0 0 0 9 0 0 0
0 0 0 0 0 0 9 0 0 0
0 0 0 0 0 0 9 0 0 0
0 0 0 0 0 0 9 0 0 0
0 0 0 0 0 0 9 0 0 0
0 0 0 0 0 0 9 0 0 0
0 0 0 0 0 0 9 0 0 0
0 0 0 0 0 0 9 0 0 0
0 0 0 0 0 0 9 0 0 0
0 0 0 0 0 0 9 0 0 0
0 0 0 0 0 0 9 0 0 0
0 0 0 0 0 0 9 0 0 0
0 0 0 0 0 0 9 0 0 0
0 0 0 0 0 0 9 0 0 0
0 0 0 0 0 0 9 0 0 0
0 0 0 0 0 0 9 0 0 0
0 0 0 0 0 0 9 0 0 0
0 0 0 0 0 0 9 0 0 0
0 0 0 0 0 0 9 0 0 0
0 0 0 0 0 0 9 0 0 0
0 0 0 0 0 0 9 0 0 0
0 0 0 0 0 0 9 0 0 0
0 0 0 0 0 0 9 0 0 0
0 0 0 0 0 0 9 0 0 2
0 0 0 0 0 0 9 0 0 4
0 0 0 0 0 0 9 0 0 9
0 0 0 0 0 0 9 0 0 9
0 0 0 0 0 0 9 0 0 9
0 0 0 0 0 0 9 0 0 9
0 0 0 0 0 0 9 0 0 9
0 0 0 0 0 0 9 0 0 9
0 0 0 0 0 0 9 0 0 9
0 0 0 0 0 0 9 0 0 9
0 0 0 0 0 0 9 0 0 9
0 0 0 0 0 0 9 0 0 9
0 0 0 0 0 0 9 0 0 9
0 0 0 0 0 0 9 0 0 9
0 0 0 0 0 0 9 0 0 9
0 0 0 0 0 0 9 0 0 9
0 0 0 0 0 0 9 0 0 9
0 0 0 0 0 0 9 0 0 9
0 0 0 0 0 0 9 0 0 9
0 0 0 0 0 0 9 0 0 9
0 0 0 0 0 0 9 0 1 0
0 0 0 0 0 0 9 0 1 9
0 0 0 0 0 0 9 0 3 9
0 0 0 0 0 0 9 0 4 0
0 0 0 0 0 0 9 0 9 0
0 0 0 0 0 0 9 0 9 0
0 0 0 0 0 0 9 0 9 0
0 0 0 0 0 0 9 0 9 0
0 0 0 0 0 0 9 0 9 0
0 0 0 0 0 0 9 0 9 0
0 0 0 0 0 0 9 0 9 0
0 0 0 0 0 0 9 0 9 0
0 0 0 0 0 0 9 0 9 0
0 0 0 0 0 0 9 0 9 0
0 0 0 0 0 0 9 0 9 0
0 0 0 0 0 0 9 0 9 0
0 0 0 0 0 0 9 0 9 0
0 0 0 0 0 0 9 0 9 0
0 0 0 0 0 0 9 0 9 0
0 0 0 0 0 0 9 0 9 0
0 0 0 0 0 0 9 0 9 1
0 0 0 0 0 0 9 0 9 2
0 0 0 0 0 0 9 0 9 6
0 0 0 0 0 0 9 0 9 9
0 0 0 0 0 0 9 0 9 9
0 0 0 0 0 0 9 0 9 9
0 0 0 0 0 0 9 0 9 9
0 0 0 0 0 0 9 0 9 9
0 0 0 0 0 0 9 0 9 9
0 0 0 0 0 0 9 0 9 9
0 0 0 0 0 0 9 0 9 9
0 0 0 0 0 0 9 0 9 9
0 0 0 0 0 0 9 0 9 9
0 0 0 0 0 0 9 0 9 9
0 0 0 0 0 0 9 0 9 9
0 0 0 0 0 0 9 0 9 9
0 0 0 0 0 0 9 0 9 9
0 0 0 0 0 0 9 0 9 9
0 0 0 0 0 0 9 0 9 9
0 0 0 0 0 0 9 0 9 9
0 0 0 0 0 0 9 0 9 9
0 0 0 0 0 0 9 0 9 9
0 0 0 0 0 0 9 0 9 9
0 0 0 0 0 0 9 0 9 9
0 0 0 0 0 0 9 0 9 9
0 0 0 0 0 0 9 0 9 9
0 0 0 0 0 0 9 0 9 9
0 0 0 0 0 0 9 0 9 9
0 0 0 0 0 0 9 0 9 9
0 0 0 0 0 0 9 0 9 9
0 0 0 0 0 0 9 0 9 9
0 0 0 0 0 0 9 0 9 9
0 0 0 0 0 0 9 0 9 9
0 0 0 0 0 0 9 0 9 9
0 0 0 0 0 0 9 0 9 9
0 0 0 0 0 0 9 0 9 9
0 0 0 0 0 0 9 0 9 9
0 0 0 0 0 0 9 0 9 9
0 0 0 0 0 0 9 0 9 9
0 0 0 0 0 0 9 0 9 9
0 0 0 0 0 0 9 0 9 9
0 0 0 0 0 0 9 0 9 9
0 0 0 0 0 0 9 0 9 9
0 0 0 0 0 0 9 0 9 9
0 0 0 0 0 0 9 0 9 9
0 0 0 0 0 0 9 0 9 9
0 0 0 0 0 0 9 0 9 9
0 0 0 0 0 0 9 0 9 9
0 0 0 0 0 0 9 0 9 9
0 0 0 0 0 0 9 2 0 0
0 0 0 0 0 0 9 2 0 0
0 0 0 0 0 0 9 2 0 9
0 0 0 0 0 0 9 2 0 9
0 0 0 0 0 0 9 2 9 3
0 0 0 0 0 0 9 5 0 0
0 0 0 0 0 0 9 6 9 9
0 0 0 0 0 0 9 6 9 9
0 0 0 0 0 0 9 6 9 9
0 0 0 0 0 0 9 9 0 0
0 0 0 0 0 0 9 9 0 0
0 0 0 0 0 0 9 9 0 0
0 0 0 0 0 0 9 9 0 0
0 0 0 0 0 0 9 9 0 0
0 0 0 0 0 0 9 9 0 0
0 0 0 0 0 0 9 9 0 0
0 0 0 0 0 0 9 9 0 0
0 0 0 0 0 0 9 9 0 0
0 0 0 0 0 0 9 9 0 0
0 0 0 0 0 0 9 9 0 0
0 0 0 0 0 0 9 9 0 0
0 0 0 0 0 0 9 9 0 0
0 0 0 0 0 0 9 9 0 0
0 0 0 0 0 0 9 9 0 0
0 0 0 0 0 0 9 9 0 0
0 0 0 0 0 0 9 9 0 0
0 0 0 0 0 0 9 9 0 0
0 0 0 0 0 0 9 9 0 0
0 0 0 0 0 0 9 9 0 0
0 0 0 0 0 0 9 9 0 0
0 0 0 0 0 0 9 9 0 0
0 0 0 0 0 0 9 9 0 0
0 0 0 0 0 0 9 9 0 0
0 0 0 0 0 0 9 9 0 0
0 0 0 0 0 0 9 9 0 0
0 0 0 0 0 0 9 9 0 0
0 0 0 0 0 0 9 9 0 0
0 0 0 0 0 0 9 9 0 0
0 0 0 0 0 0 9 9 0 0
0 0 0 0 0 0 9 9 0 0
0 0 0 0 0 0 9 9 0 0
0 0 0 0 0 0 9 9 0 0
0 0 0 0 0 0 9 9 0 0
0 0 0 0 0 0 9 9 0 0
0 0 0 0 0 0 9 9 0 0
0 0 0 0 0 0 9 9 0 0
0 0 0 0 0 0 9 9 0 0
0 0 0 0 0 0 9 9 0 0
0 0 0 0 0 0 9 9 0 0
0 0 0 0 0 0 9 9 0 0
0 0 0 0 0 0 9 9 0 0
0 0 0 0 0 0 9 9 0 0
0 0 0 0 0 0 9 9 0 0
0 0 0 0 0 0 9 9 0 0
0 0 0 0 0 0 9 9 0 0
0 0 0 0 0 0 9 9 0 0
0 0 0 0 0 0 9 9 0 4
0 0 0 0 0 0 9 9 0 4
0 0 0 0 0 0 9 9 0 6
0 0 0 0 0 0 9 9 0 6
0 0 0 0 0 0 9 9 0 8
0 0 0 0 0 0 9 9 0 8
0 0 0 0 0 0 9 9 0 9
0 0 0 0 0 0 9 9 0 9
0 0 0 0 0 0 9 9 0 9
0 0 0 0 0 0 9 9 0 9
0 0 0 0 0 0 9 9 0 9
0 0 0 0 0 0 9 9 0 9
0 0 0 0 0 0 9 9 0 9
0 0 0 0 0 0 9 9 0 9
0 0 0 0 0 0 9 9 0 9
0 0 0 0 0 0 9 9 0 9
0 0 0 0 0 0 9 9 0 9
0 0 0 0 0 0 9 9 0 9
0 0 0 0 0 0 9 9 0 9
0 0 0 0 0 0 9 9 0 9
0 0 0 0 0 0 9 9 0 9
0 0 0 0 0 0 9 9 0 9
0 0 0 0 0 0 9 9 0 9
0 0 0 0 0 0 9 9 0 9
0 0 0 0 0 0 9 9 0 9
0 0 0 0 0 0 9 9 0 9
0 0 0 0 0 0 9 9 0 9
0 0 0 0 0 0 9 9 0 9
0 0 0 0 0 0 9 9 0 9
0 0 0 0 0 0 9 9 0 9
0 0 0 0 0 0 9 9 0 9
0 0 0 0 0 0 9 9 0 9
0 0 0 0 0 0 9 9 0 9
0 0 0 0 0 0 9 9 0 9
0 0 0 0 0 0 9 9 0 9
0 0 0 0 0 0 9 9 0 9
0 0 0 0 0 0 9 9 0 9
0 0 0 0 0 0 9 9 1 0
0 0 0 0 0 0 9 9 1 0
0 0 0 0 0 0 9 9 1 9
0 0 0 0 0 0 9 9 1 9
0 0 0 0 0 0 9 9 2 9
0 0 0 0 0 0 9 9 3 9
0 0 0 0 0 0 9 9 3 9
0 0 0 0 0 0 9 9 5 0
0 0 0 0 0 0 9 9 5 0
0 0 0 0 0 0 9 9 5 6
0 0 0 0 0 0 9 9 5 9
0 0 0 0 0 0 9 9 5 9
0 0 0 0 0 0 9 9 5 9
0 0 0 0 0 0 9 9 5 9
0 0 0 0 0 0 9 9 5 9
0 0 0 0 0 0 9 9 9 0
0 0 0 0 0 0 9 9 9 0
0 0 0 0 0 0 9 9 9 0
0 0 0 0 0 0 9 9 9 0
0 0 0 0 0 0 9 9 9 0
0 0 0 0 0 0 9 9 9 0
0 0 0 0 0 0 9 9 9 0
0 0 0 0 0 0 9 9 9 0
0 0 0 0 0 0 9 9 9 0
0 0 0 0 0 0 9 9 9 0
0 0 0 0 0 0 9 9 9 0
0 0 0 0 0 0 9 9 9 0
0 0 0 0 0 0 9 9 9 0
0 0 0 0 0 0 9 9 9 0
0 0 0 0 0 0 9 9 9 0
0 0 0 0 0 0 9 9 9 0
0 0 0 0 0 0 9 9 9 0
0 0 0 0 0 0 9 9 9 0
0 0 0 0 0 0 9 9 9 0
0 0 0 0 0 0 9 9 9 0
0 0 0 0 0 0 9 9 9 0
0 0 0 0 0 0 9 9 9 0
0 0 0 0 0 0 9 9 9 0
0 0 0 0 0 0 9 9 9 0
0 0 0 0 0 0 9 9 9 0
0 0 0 0 0 0 9 9 9 0
0 0 0 0 0 0 9 9 9 0
0 0 0 0 0 0 9 9 9 0
0 0 0 0 0 0 9 9 9 0
0 0 0 0 0 0 9 9 9 0
0 0 0 0 0 0 9 9 9 0
0 0 0 0 0 0 9 9 9 1
0 0 0 0 0 0 9 9 9 2
0 0 0 0 0 0 9 9 9 2
0 0 0 0 0 0 9 9 9 2
0 0 0 0 0 0 9 9 9 3
0 0 0 0 0 0 9 9 9 4
0 0 0 0 0 0 9 9 9 4
0 0 0 0 0 0 9 9 9 4
0 0 0 0 0 0 9 9 9 4
0 0 0 0 0 0 9 9 9 9
0 0 0 0 0 0 9 9 9 9
0 0 0 0 0 0 9 9 9 9
0 0 0 0 0 0 9 9 9 9
0 0 0 0 0 0 9 9 9 9
0 0 0 0 0 0 9 9 9 9
0 0 0 0 0 0 9 9 9 9
0 0 0 0 0 0 9 9 9 9
0 0 0 0 0 0 9 9 9 9
0 0 0 0 0 0 9 9 9 9
0 0 0 0 0 0 9 9 9 9
0 0 0 0 0 0 9 9 9 9
0 0 0 0 0 0 9 9 9 9
0 0 0 0 0 0 9 9 9 9
0 0 0 0 0 0 9 9 9 9
0 0 0 0 0 0 9 9 9 9
0 0 0 0 0 0 9 9 9 9
0 0 0 0 0 0 9 9 9 9
0 0 0 0 0 0 9 9 9 9
0 0 0 0 0 0 9 9 9 9
0 0 0 0 0 0 9 9 9 9
0 0 0 0 0 0 9 9 9 9
0 0 0 0 0 0 9 9 9 9
0 0 0 0 0 0 9 9 9 9
0 0 0 0 0 0 9 9 9 9
0 0 0 0 0 0 9 9 9 9
0 0 0 0 0 0 9 9 9 9
0 0 0 0 0 0 9 9 9 9
0 0 0 0 0 0 9 9 9 9
0 0 0 0 0 0 9 9 9 9
0 0 0 0 0 0 9 9 9 9
0 0 0 0 0 0 9 9 9 9
0 0 0 0 0 0 9 9 9 9
0 0 0 0 0 0 9 9 9 9
0 0 0 0 0 0 9 9 9 9
0 0 0 0 0 0 9 9 9 9
0 0 0 0 0 0 9 9 9 9
0 0 0 0 0 0 9 9 9 9
0 0 0 0 0 0 9 9 9 9
0 0 0 0 0 0 9 9 9 9
0 0 0 0 0 0 9 9 9 9
0 0 0 0 0 0 9 9 9 9
0 0 0 0 0 0 9 9 9 9
0 0 0 0 0 0 9 9 9 9
0 0 0 0 0 0 9 9 9 9
0 0 0 0 0 0 9 9 9 9
0 0 0 0 0 0 9 9 9 9
0 0 0 0 0 0 9 9 9 9
0 0 0 0 0 0 9 9 9 9
0 0 0 0 0 0 9 9 9 9
0 0 0 0 0 0 9 9 9 9
0 0 0 0 0 0 9 9 9 9
0 0 0 0 0 0 9 9 9 9
0 0 0 0 0 0 9 9 9 9
0 0 0 0 0 0 9 9 9 9
0 0 0 0 0 0 9 9 9 9
0 0 0 0 0 0 9 9 9 9
0 0 0 0 0 0 9 9 9 9
0 0 0 0 0 0 9 9 9 9
0 0 0 0 0 0 9 9 9 9
0 0 0 0 0 0 9 9 9 9
0 0 0 0 0 0 9 9 9 9
0 0 0 0 0 0 9 9 9 9
0 0 0 0 0 0 9 9 9 9
0 0 0 0 0 0 9 9 9 9
0 0 0 0 0 0 9 9 9 9
0 0 0 0 0 0 9 9 9 9
0 0 0 0 0 0 9 9 9 9
0 0 0 0 0 0 9 9 9 9
0 0 0 0 0 0 9 9 9 9
0 0 0 0 0 0 9 9 9 9
0 0 0 0 0 0 9 9 9 9
0 0 0 0 0 0 9 9 9 9
0 0 0 0 0 0 9 9 9 9
0 0 0 0 0 0 9 9 9 9
0 0 0 0 0 0 9 9 9 9
0 0 0 0 0 0 9 9 9 9
0 0 0 0 0 0 9 9 9 9
0 0 0 0 0 0 9 9 9 9
0 0 0 0 0 0 9 9 9 9
0 0 0 0 0 0 9 9 9 9
0 0 0 0 0 1 2 0 0 0
0 0 0 0 0 2 0 6 0 0
0 0 0 0 0 2 0 9 0 0
0 0 0 0 0 2 2 0 0 0
0 0 0 0 0 2 9 0 9 4
0 0 0 0 0 2 9 0 9 9
0 0 0 0 0 2 9 0 9 9
0 0 0 0 0 2 9 9 9 0
0 0 0 0 0 3 9 0 0 0
0 0 0 0 0 5 9 0 0 0
0 0 0 0 0 5 9 0 9 9
0 0 0 0 0 6 0 0 0 0
0 0 0 0 0 6 0 9 0 0
0 0 0 0 0 6 0 9 9 9
0 0 0 0 0 6 9 0 0 0
0 0 0 0 0 6 9 9 9 0
0 0 0 0 0 6 9 9 9 6
0 0 0 0 0 6 9 9 9 9
0 0 0 0 0 6 9 9 9 9
0 0 0 0 0 7 9 0 9 9
0 0 0 0 0 9 0 0 0 0
0 0 0 0 0 9 0 0 0 0
0 0 0 0 0 9 0 0 0 0
0 0 0 0 0 9 0 0 0 0
0 0 0 0 0 9 0 0 0 0
0 0 0 0 0 9 0 0 0 0
0 0 0 0 0 9 0 0 0 0
0 0 0 0 0 9 0 0 0 0
0 0 0 0 0 9 0 0 0 0
0 0 0 0 0 9 0 0 0 0
0 0 0 0 0 9 0 0 0 0
0 0 0 0 0 9 0 0 0 0
0 0 0 0 0 9 0 0 0 0
0 0 0 0 0 9 0 0 0 0
0 0 0 0 0 9 0 0 0 0
0 0 0 0 0 9 0 0 0 0
0 0 0 0 0 9 0 0 0 0
0 0 0 0 0 9 0 0 0 0
0 0 0 0 0 9 0 0 0 0
0 0 0 0 0 9 0 0 0 0
0 0 0 0 0 9 0 0 0 0
0 0 0 0 0 9 0 0 0 0
0 0 0 0 0 9 0 0 0 0
0 0 0 0 0 9 0 0 0 0
0 0 0 0 0 9 0 0 0 0
0 0 0 0 0 9 0 0 0 0
0 0 0 0 0 9 0 0 0 0
0 0 0 0 0 9 0 0 0 0
0 0 0 0 0 9 0 0 0 0
0 0 0 0 0 9 0 0 0 0
0 0 0 0 0 9 0 0 0 0
0 0 0 0 0 9 0 0 0 0
0 0 0 0 0 9 0 0 0 0
0 0 0 0 0 9 0 0 0 0
0 0 0 0 0 9 0 0 0 0
0 0 0 0 0 9 0 0 0 0
0 0 0 0 0 9 0 0 0 0
0 0 0 0 0 9 0 0 0 0
0 0 0 0 0 9 0 0 0 0
0 0 0 0 0 9 0 0 0 0
0 0 0 0 0 9 0 0 0 0
0 0 0 0 0 9 0 0 0 0
0 0 0 0 0 9 0 0 0 0
0 0 0 0 0 9 0 0 0 0
0 0 0 0 0 9 0 0 0 0
0 0 0 0 0 9 0 0 0 0
0 0 0 0 0 9 0 0 0 0
0 0 0 0 0 9 0 0 0 0
0 0 0 0 0 9 0 0 0 0
0 0 0 0 0 9 0 0 0 0
0 0 0 0 0 9 0 0 0 0
0 0 0 0 0 9 0 0 0 0
0 0 0 0 0 9 0 0 0 0
0 0 0 0 0 9 0 0 0 0
0 0 0 0 0 9 0 0 0 0
0 0 0 0 0 9 0 0 0 0
0 0 0 0 0 9 0 0 0 0
0 0 0 0 0 9 0 0 0 0
0 0 0 0 0 9 0 0 0 0
0 0 0 0 0 9 0 0 0 0
0 0 0 0 0 9 0 0 0 0
0 0 0 0 0 9 0 0 0 0
0 0 0 0 0 9 0 0 0 0
0 0 0 0 0 9 0 0 0 0
0 0 0 0 0 9 0 0 0 0
0 0 0 0 0 9 0 0 0 0
0 0 0 0 0 9 0 0 0 0
0 0 0 0 0 9 0 0 0 0
0 0 0 0 0 9 0 0 0 0
0 0 0 0 0 9 0 0 0 0
0 0 0 0 0 9 0 0 0 0
0 0 0 0 0 9 0 0 0 0
0 0 0 0 0 9 0 0 0 0
0 0 0 0 0 9 0 0 0 0
0 0 0 0 0 9 0 0 0 0
0 0 0 0 0 9 0 0 0 0
0 0 0 0 0 9 0 0 0 0
0 0 0 0 0 9 0 0 0 0
0 0 0 0 0 9 0 0 0 0
0 0 0 0 0 9 0 0 0 0
0 0 0 0 0 9 0 0 0 0
0 0 0 0 0 9 0 0 0 0
0 0 0 0 0 9 0 0 0 0
0 0 0 0 0 9 0 0 0 0
0 0 0 0 0 9 0 0 0 0
0 0 0 0 0 9 0 0 0 0
0 0 0 0 0 9 0 0 0 0
0 0 0 0 0 9 0 0 0 0
0 0 0 0 0 9 0 0 0 0
0 0 0 0 0 9 0 0 0 0
0 0 0 0 0 9 0 0 0 0
0 0 0 0 0 9 0 0 0 0
0 0 0 0 0 9 0 0 0 0
0 0 0 0 0 9 0 0 0 0
0 0 0 0 0 9 0 0 0 0
0 0 0 0 0 9 0 0 0 0
0 0 0 0 0 9 0 0 0 0
0 0 0 0 0 9 0 0 0 0
0 0 0 0 0 9 0 0 0 0
0 0 0 0 0 9 0 0 0 0
0 0 0 0 0 9 0 0 0 0
0 0 0 0 0 9 0 0 0 9
0 0 0 0 0 9 0 0 0 9
0 0 0 0 0 9 0 0 0 9
0 0 0 0 0 9 0 0 0 9
0 0 0 0 0 9 0 0 0 9
0 0 0 0 0 9 0 0 0 9
0 0 0 0 0 9 0 0 1 9
0 0 0 0 0 9 0 0 9 0
0 0 0 0 0 9 0 0 9 0
0 0 0 0 0 9 0 0 9 0
0 0 0 0 0 9 0 0 9 0
0 0 0 0 0 9 0 0 9 0
0 0 0 0 0 9 0 0 9 9
0 0 0 0 0 9 0 0 9 9
0 0 0 0 0 9 0 0 9 9
0 0 0 0 0 9 0 0 9 9
0 0 0 0 0 9 0 0 9 9
0 0 0 0 0 9 0 0 9 9
0 0 0 0 0 9 0 0 9 9
0 0 0 0 0 9 0 0 9 9
0 0 0 0 0 9 0 0 9 9
0 0 0 0 0 9 0 4 9 9
0 0 0 0 0 9 0 9 0 0
0 0 0 0 0 9 0 9 0 0
0 0 0 0 0 9 0 9 0 0
0 0 0 0 0 9 0 9 0 0
0 0 0 0 0 9 0 9 0 0
0 0 0 0 0 9 0 9 0 0
0 0 0 0 0 9 0 9 0 0
0 0 0 0 0 9 0 9 0 0
0 0 0 0 0 9 0 9 0 0
0 0 0 0 0 9 0 9 0 0
0 0 0 0 0 9 0 9 0 0
0 0 0 0 0 9 0 9 0 0
0 0 0 0 0 9 0 9 0 9
0 0 0 0 0 9 0 9 0 9
0 0 0 0 0 9 0 9 0 9
0 0 0 0 0 9 0 9 0 9
0 0 0 0 0 9 0 9 0 9
0 0 0 0 0 9 0 9 0 9
0 0 0 0 0 9 0 9 0 9
0 0 0 0 0 9 0 9 1 9
0 0 0 0 0 9 0 9 9 0
0 0 0 0 0 9 0 9 9 0
0 0 0 0 0 9 0 9 9 9
0 0 0 0 0 9 0 9 9 9
0 0 0 0 0 9 0 9 9 9
0 0 0 0 0 9 0 9 9 9
0 0 0 0 0 9 0 9 9 9
0 0 0 0 0 9 0 9 9 9
0 0 0 0 0 9 0 9 9 9
0 0 0 0 0 9 0 9 9 9
0 0 0 0 0 9 0 9 9 9
0 0 0 0 0 9 1 0 0 0
0 0 0 0 0 9 1 0 0 9
0 0 0 0 0 9 1 0 0 9
0 0 0 0 0 9 1 0 9 9
0 0 0 0 0 9 1 9 1 9
0 0 0 0 0 9 1 9 9 4
0 0 0 0 0 9 1 9 9 9
0 0 0 0 0 9 2 9 9 0
0 0 0 0 0 9 2 9 9 9
0 0 0 0 0 9 2 9 9 9
0 0 0 0 0 9 3 9 9 0
0 0 0 0 0 9 5 0 0 0
0 0 0 0 0 9 5 0 0 0
0 0 0 0 0 9 5 0 0 9
0 0 0 0 0 9 5 0 9 7
0 0 0 0 0 9 5 6 0 0
0 0 0 0 0 9 5 9 9 0
0 0 0 0 0 9 6 9 0 9
0 0 0 0 0 9 6 9 9 9
0 0 0 0 0 9 7 9 0 0
0 0 0 0 0 9 9 0 0 0
0 0 0 0 0 9 9 0 0 0
0 0 0 0 0 9 9 0 0 0
0 0 0 0 0 9 9 0 0 0
0 0 0 0 0 9 9 0 0 0
0 0 0 0 0 9 9 0 0 0
0 0 0 0 0 9 9 0 0 0
0 0 0 0 0 9 9 0 0 0
0 0 0 0 0 9 9 0 0 0
0 0 0 0 0 9 9 0 0 0
0 0 0 0 0 9 9 0 0 0
0 0 0 0 0 9 9 0 0 0
0 0 0 0 0 9 9 0 0 0
0 0 0 0 0 9 9 0 0 0
0 0 0 0 0 9 9 0 0 0
0 0 0 0 0 9 9 0 0 0
0 0 0 0 0 9 9 0 0 0
0 0 0 0 0 9 9 0 0 0
0 0 0 0 0 9 9 0 0 0
0 0 0 0 0 9 9 0 0 0
0 0 0 0 0 9 9 0 0 0
0 0 0 0 0 9 9 0 0 0
0 0 0 0 0 9 9 0 0 0
0 0 0 0 0 9 9 0 0 0
0 0 0 0 0 9 9 0 0 0
0 0 0 0 0 9 9 0 0 0
0 0 0 0 0 9 9 0 0 0
0 0 0 0 0 9 9 0 0 0
0 0 0 0 0 9 9 0 0 0
0 0 0 0 0 9 9 0 0 0
0 0 0 0 0 9 9 0 0 0
0 0 0 0 0 9 9 0 0 0
0 0 0 0 0 9 9 0 0 0
0 0 0 0 0 9 9 0 0 0
0 0 0 0 0 9 9 0 0 0
0 0 0 0 0 9 9 0 0 0
0 0 0 0 0 9 9 0 0 0
0 0 0 0 0 9 9 0 0 0
0 0 0 0 0 9 9 0 0 0
0 0 0 0 0 9 9 0 0 4
0 0 0 0 0 9 9 0 0 4
0 0 0 0 0 9 9 0 0 9
0 0 0 0 0 9 9 0 0 9
0 0 0 0 0 9 9 0 0 9
0 0 0 0 0 9 9 0 0 9
0 0 0 0 0 9 9 0 0 9
0 0 0 0 0 9 9 0 5 0
0 0 0 0 0 9 9 0 9 0
0 0 0 0 0 9 9 0 9 0
0 0 0 0 0 9 9 0 9 0
0 0 0 0 0 9 9 0 9 0
0 0 0 0 0 9 9 0 9 0
0 0 0 0 0 9 9 0 9 0
0 0 0 0 0 9 9 0 9 0
0 0 0 0 0 9 9 0 9 0
0 0 0 0 0 9 9 0 9 0
0 0 0 0 0 9 9 0 9 0
0 0 0 0 0 9 9 0 9 9
0 0 0 0 0 9 9 0 9 9
0 0 0 0 0 9 9 0 9 9
0 0 0 0 0 9 9 0 9 9
0 0 0 0 0 9 9 0 9 9
0 0 0 0 0 9 9 0 9 9
0 0 0 0 0 9 9 0 9 9
0 0 0 0 0 9 9 0 9 9
0 0 0 0 0 9 9 0 9 9
0 0 0 0 0 9 9 0 9 9
0 0 0 0 0 9 9 0 9 9
0 0 0 0 0 9 9 0 9 9
0 0 0 0 0 9 9 0 9 9
0 0 0 0 0 9 9 2 9 0
0 0 0 0 0 9 9 2 9 0
0 0 0 0 0 9 9 3 9 0
0 0 0 0 0 9 9 7 0 0
0 0 0 0 0 9 9 8 9 0
0 0 0 0 0 9 9 8 9 9
0 0 0 0 0 9 9 9 0 0
0 0 0 0 0 9 9 9 0 0
0 0 0 0 0 9 9 9 0 0
0 0 0 0 0 9 9 9 0 0
0 0 0 0 0 9 9 9 0 0
0 0 0 0 0 9 9 9 0 0
0 0 0 0 0 9 9 9 0 0
0 0 0 0 0 9 9 9 0 0
0 0 0 0 0 9 9 9 0 0
0 0 0 0 0 9 9 9 0 0
0 0 0 0 0 9 9 9 0 0
0 0 0 0 0 9 9 9 0 0
0 0 0 0 0 9 9 9 0 0
0 0 0 0 0 9 9 9 0 0
0 0 0 0 0 9 9 9 0 0
0 0 0 0 0 9 9 9 0 2
0 0 0 0 0 9 9 9 0 3
0 0 0 0 0 9 9 9 0 6
0 0 0 0 0 9 9 9 0 8
0 0 0 0 0 9 9 9 0 9
0 0 0 0 0 9 9 9 0 9
0 0 0 0 0 9 9 9 0 9
0 0 0 0 0 9 9 9 0 9
0 0 0 0 0 9 9 9 0 9
0 0 0 0 0 9 9 9 0 9
0 0 0 0 0 9 9 9 5 0
0 0 0 0 0 9 9 9 6 8
0 0 0 0 0 9 9 9 8 0
0 0 0 0 0 9 9 9 8 9
0 0 0 0 0 9 9 9 9 0
0 0 0 0 0 9 9 9 9 0
0 0 0 0 0 9 9 9 9 0
0 0 0 0 0 9 9 9 9 0
0 0 0 0 0 9 9 9 9 0
0 0 0 0 0 9 9 9 9 0
0 0 0 0 0 9 9 9 9 0
0 0 0 0 0 9 9 9 9 0
0 0 0 0 0 9 9 9 9 0
0 0 0 0 0 9 9 9 9 0
0 0 0 0 0 9 9 9 9 0
0 0 0 0 0 9 9 9 9 0
0 0 0 0 0 9 9 9 9 0
0 0 0 0 0 9 9 9 9 0
0 0 0 0 0 9 9 9 9 2
0 0 0 0 0 9 9 9 9 4
0 0 0 0 0 9 9 9 9 4
0 0 0 0 0 9 9 9 9 6
0 0 0 0 0 9 9 9 9 9
0 0 0 0 0 9 9 9 9 9
0 0 0 0 0 9 9 9 9 9
0 0 0 0 0 9 9 9 9 9
0 0 0 0 0 9 9 9 9 9
0 0 0 0 0 9 9 9 9 9
0 0 0 0 0 9 9 9 9 9
0 0 0 0 0 9 9 9 9 9
0 0 0 0 0 9 9 9 9 9
0 0 0 0 0 9 9 9 9 9
0 0 0 0 0 9 9 9 9 9
0 0 0 0 0 9 9 9 9 9
0 0 0 0 0 9 9 9 9 9
0 0 0 0 0 9 9 9 9 9
0 0 0 0 0 9 9 9 9 9
0 0 0 0 0 9 9 9 9 9
0 0 0 0 0 9 9 9 9 9
0 0 0 0 0 9 9 9 9 9
0 0 0 0 0 9 9 9 9 9
0 0 0 0 0 9 9 9 9 9
0 0 0 0 0 9 9 9 9 9
0 0 0 0 0 9 9 9 9 9
0 0 0 0 0 9 9 9 9 9
0 0 0 0 0 9 9 9 9 9
0 0 0 0 0 9 9 9 9 9
0 0 0 0 0 9 9 9 9 9
0 0 0 0 0 9 9 9 9 9
0 0 0 0 0 9 9 9 9 9
0 0 0 0 0 9 9 9 9 9
0 0 0 0 0 9 9 9 9 9
0 0 0 0 0 9 9 9 9 9
0 0 0 0 0 9 9 9 9 9
0 0 0 0 0 9 9 9 9 9
0 0 0 0 0 9 9 9 9 9
0 0 0 0 0 9 9 9 9 9
0 0 0 0 0 9 9 9 9 9
0 0 0 0 0 9 9 9 9 9
0 0 0 0 0 9 9 9 9 9
0 0 0 0 0 9 9 9 9 9
0 0 0 0 0 9 9 9 9 9
0 0 0 0 0 9 9 9 9 9
0 0 0 0 0 9 9 9 9 9
0 0 0 0 0 9 9 9 9 9
0 0 0 0 0 9 9 9 9 9
0 0 0 0 0 9 9 9 9 9
0 0 0 0 0 9 9 9 9 9
0 0 0 0 0 9 9 9 9 9
0 0 0 0 0 9 9 9 9 9
0 0 0 0 0 9 9 9 9 9
0 0 0 0 0 9 9 9 9 9
0 0 0 0 0 9 9 9 9 9
0 0 0 0 0 9 9 9 9 9
0 0 0 0 0 9 9 9 9 9
0 0 0 0 0 9 9 9 9 9
0 0 0 0 0 9 9 9 9 9
0 0 0 0 0 9 9 9 9 9
0 0 0 0 0 9 9 9 9 9
0 0 0 0 1 0 0 0 0 0
0 0 0 0 1 0 0 0 0 0
0 0 0 0 2 0 0 0 0 0
0 0 0 0 2 9 9 0 0 0
0 0 0 0 2 9 9 0 0 0
0 0 0 0 2 9 9 0 0 9
0 0 0 0 3 0 9 0 9 9
0 0 0 0 3 2 9 0 9 3
0 0 0 0 3 9 9 9 9 0
0 0 0 0 5 9 9 9 0 8
0 0 0 0 6 0 0 0 9 9
0 0 0 0 6 6 9 9 0 9
0 0 0 0 6 9 5 9 0 9
0 0 0 0 6 9 9 9 0 0
0 0 0 0 7 9 9 0 0 0
0 0 0 0 9 0 0 0 0 0
0 0 0 0 9 0 0 0 0 0
0 0 0 0 9 0 0 0 0 0
0 0 0 0 9 0 0 0 0 0
0 0 0 0 9 0 0 0 0 0
0 0 0 0 9 0 0 0 0 0
0 0 0 0 9 0 0 0 0 0
0 0 0 0 9 0 0 0 0 0
0 0 0 0 9 0 0 0 0 0
0 0 0 0 9 0 0 0 0 0
0 0 0 0 9 0 0 0 0 0
0 0 0 0 9 0 0 0 0 0
0 0 0 0 9 0 0 0 0 0
0 0 0 0 9 0 0 0 0 0
0 0 0 0 9 0 0 0 0 0
0 0 0 0 9 0 0 0 0 0
0 0 0 0 9 0 0 0 0 0
0 0 0 0 9 0 0 0 0 0
0 0 0 0 9 0 0 0 0 0
0 0 0 0 9 0 0 0 0 0
0 0 0 0 9 0 0 0 0 0
0 0 0 0 9 0 0 0 0 0
0 0 0 0 9 0 0 0 0 0
0 0 0 0 9 0 0 0 0 0
0 0 0 0 9 0 0 0 0 0
0 0 0 0 9 0 0 0 0 0
0 0 0 0 9 0 0 0 0 0
0 0 0 0 9 0 0 0 0 0
0 0 0 0 9 0 0 0 0 0
0 0 0 0 9 0 0 0 0 0
0 0 0 0 9 0 0 0 0 0
0 0 0 0 9 0 0 0 0 0
0 0 0 0 9 0 0 0 0 0
0 0 0 0 9 0 0 0 0 0
0 0 0 0 9 0 0 0 0 0
0 0 0 0 9 0 0 0 0 0
0 0 0 0 9 0 0 0 0 0
0 0 0 0 9 0 0 0 0 0
0 0 0 0 9 0 0 0 0 0
0 0 0 0 9 0 0 0 0 0
0 0 0 0 9 0 0 0 0 0
0 0 0 0 9 0 0 0 0 0
0 0 0 0 9 0 0 0 0 0
0 0 0 0 9 0 0 0 0 0
0 0 0 0 9 0 0 0 0 0
0 0 0 0 9 0 0 0 0 0
0 0 0 0 9 0 0 0 0 0
0 0 0 0 9 0 0 0 0 0
0 0 0 0 9 0 0 0 0 0
0 0 0 0 9 0 0 0 0 0
0 0 0 0 9 0 0 0 0 0
0 0 0 0 9 0 0 0 0 0
0 0 0 0 9 0 0 0 0 0
0 0 0 0 9 0 0 0 0 0
0 0 0 0 9 0 0 0 0 0
0 0 0 0 9 0 0 0 0 0
0 0 0 0 9 0 0 0 0 0
0 0 0 0 9 0 0 0 0 0
0 0 0 0 9 0 0 0 0 0
0 0 0 0 9 0 0 0 0 0
0 0 0 0 9 0 0 0 0 0
0 0 0 0 9 0 0 0 0 0
0 0 0 0 9 0 0 0 0 0
0 0 0 0 9 0 0 0 0 0
0 0 0 0 9 0 0 0 0 0
0 0 0 0 9 0 0 0 0 0
0 0 0 0 9 0 0 0 0 0
0 0 0 0 9 0 0 0 0 0
0 0 0 0 9 0 0 0 0 0
0 0 0 0 9 0 0 0 0 0
0 0 0 0 9 0 0 0 0 0
0 0 0 0 9 0 0 0 0 0
0 0 0 0 9 0 0 0 0 0
0 0 0 0 9 0 0 0 0 0
0 0 0 0 9 0 0 0 0 0
0 0 0 0 9 0 0 0 0 0
0 0 0 0 9 0 0 0 0 0
0 0 0 0 9 0 0 0 0 0
0 0 0 0 9 0 0 0 0 0
0 0 0 0 9 0 0 0 0 0
0 0 0 0 9 0 0 0 0 0
0 0 0 0 9 0 0 0 0 0
0 0 0 0 9 0 0 0 0 0
0 0 0 0 9 0 0 0 0 9
0 0 0 0 9 0 0 0 0 9
0 0 0 0 9 0 0 0 0 9
0 0 0 0 9 0 0 0 9 0
0 0 0 0 9 0 0 0 9 0
0 0 0 0 9 0 0 0 9 9
0 0 0 0 9 0 0 4 9 0
0 0 0 0 9 0 0 9 0 0
0 0 0 0 9 0 0 9 0 0
0 0 0 0 9 0 0 9 0 9
0 0 0 0 9 0 0 9 0 9
0 0 0 0 9 0 0 9 2 4
0 0 0 0 9 0 0 9 9 0
0 0 0 0 9 0 0 9 9 0
0 0 0 0 9 0 0 9 9 4
0 0 0 0 9 0 0 9 9 9
0 0 0 0 9 0 1 0 0 9
0 0 0 0 9 0 1 9 1 4
0 0 0 0 9 0 1 9 9 2
0 0 0 0 9 0 9 0 0 0
0 0 0 0 9 0 9 0 0 0
0 0 0 0 9 0 9 0 0 0
0 0 0 0 9 0 9 0 0 0
0 0 0 0 9 0 9 0 0 0
0 0 0 0 9 0 9 0 0 0
0 0 0 0 9 0 9 0 0 0
0 0 0 0 9 0 9 0 0 0
0 0 0 0 9 0 9 0 0 0
0 0 0 0 9 0 9 0 0 0
0 0 0 0 9 0 9 0 0 0
0 0 0 0 9 0 9 0 0 0
0 0 0 0 9 0 9 0 0 9
0 0 0 0 9 0 9 0 0 9
0 0 0 0 9 0 9 0 0 9
0 0 0 0 9 0 9 0 0 9
0 0 0 0 9 0 9 0 9 0
0 0 0 0 9 0 9 0 9 9
0 0 0 0 9 0 9 0 9 9
0 0 0 0 9 0 9 0 9 9
0 0 0 0 9 0 9 0 9 9
0 0 0 0 9 0 9 0 9 9
0 0 0 0 9 0 9 2 9 0
0 0 0 0 9 0 9 2 9 0
0 0 0 0 9 0 9 2 9 9
0 0 0 0 9 0 9 9 0 0
0 0 0 0 9 0 9 9 0 0
0 0 0 0 9 0 9 9 0 0
0 0 0 0 9 0 9 9 0 0
0 0 0 0 9 0 9 9 0 0
0 0 0 0 9 0 9 9 0 8
0 0 0 0 9 0 9 9 0 8
0 0 0 0 9 0 9 9 0 8
0 0 0 0 9 0 9 9 5 9
0 0 0 0 9 0 9 9 9 0
0 0 0 0 9 0 9 9 9 0
0 0 0 0 9 0 9 9 9 0
0 0 0 0 9 0 9 9 9 0
0 0 0 0 9 0 9 9 9 0
0 0 0 0 9 0 9 9 9 0
0 0 0 0 9 0 9 9 9 8
0 0 0 0 9 0 9 9 9 9
0 0 0 0 9 0 9 9 9 9
0 0 0 0 9 0 9 9 9 9
0 0 0 0 9 0 9 9 9 9
0 0 0 0 9 0 9 9 9 9
0 0 0 0 9 0 9 9 9 9
0 0 0 0 9 0 9 9 9 9
0 0 0 0 9 0 9 9 9 9
0 0 0 0 9 0 9 9 9 9
0 0 0 0 9 2 0 9 9 4
0 0 0 0 9 2 9 0 0 0
0 0 0 0 9 2 9 4 9 0
0 0 0 0 9 2 9 9 9 9
0 0 0 0 9 5 0 9 0 0
0 0 0 0 9 6 5 9 9 9
0 0 0 0 9 6 9 0 0 0
0 0 0 0 9 6 9 6 0 9
0 0 0 0 9 6 9 9 0 0
0 0 0 0 9 6 9 9 9 0
0 0 0 0 9 6 9 9 9 9
0 0 0 0 9 9 0 0 0 0
0 0 0 0 9 9 0 0 0 0
0 0 0 0 9 9 0 0 0 0
0 0 0 0 9 9 0 0 0 0
0 0 0 0 9 9 0 0 0 0
0 0 0 0 9 9 0 0 0 0
0 0 0 0 9 9 0 0 0 0
0 0 0 0 9 9 0 0 0 0
0 0 0 0 9 9 0 0 0 0
0 0 0 0 9 9 0 0 0 0
0 0 0 0 9 9 0 0 0 0
0 0 0 0 9 9 0 0 0 0
0 0 0 0 9 9 0 0 0 0
0 0 0 0 9 9 0 0 0 0
0 0 0 0 9 9 0 0 0 0
0 0 0 0 9 9 0 0 0 0
0 0 0 0 9 9 0 0 0 0
0 0 0 0 9 9 0 0 0 0
0 0 0 0 9 9 0 0 0 0
0 0 0 0 9 9 0 0 0 0
0 0 0 0 9 9 0 0 0 0
0 0 0 0 9 9 0 0 0 0
0 0 0 0 9 9 0 0 0 0
0 0 0 0 9 9 0 0 0 0
0 0 0 0 9 9 0 0 0 9
0 0 0 0 9 9 0 0 0 9
0 0 0 0 9 9 0 0 9 0
0 0 0 0 9 9 0 0 9 9
0 0 0 0 9 9 0 0 9 9
0 0 0 0 9 9 0 8 5 8
0 0 0 0 9 9 0 9 0 0
0 0 0 0 9 9 0 9 0 9
0 0 0 0 9 9 0 9 9 0
0 0 0 0 9 9 0 9 9 0
0 0 0 0 9 9 0 9 9 9
0 0 0 0 9 9 0 9 9 9
0 0 0 0 9 9 0 9 9 9
0 0 0 0 9 9 0 9 9 9
0 0 0 0 9 9 0 9 9 9
0 0 0 0 9 9 1 3 0 9
0 0 0 0 9 9 1 9 0 9
0 0 0 0 9 9 2 0 0 0
0 0 0 0 9 9 2 0 0 0
0 0 0 0 9 9 2 9 9 4
0 0 0 0 9 9 3 9 9 9
0 0 0 0 9 9 5 0 9 9
0 0 0 0 9 9 5 9 9 9
0 0 0 0 9 9 6 0 9 9
0 0 0 0 9 9 6 6 9 9
0 0 0 0 9 9 7 8 9 9
0 0 0 0 9 9 8 0 0 0
0 0 0 0 9 9 8 9 0 9
0 0 0 0 9 9 9 0 0 0
0 0 0 0 9 9 9 0 0 0
0 0 0 0 9 9 9 0 0 0
0 0 0 0 9 9 9 0 0 0
0 0 0 0 9 9 9 0 0 0
0 0 0 0 9 9 9 0 0 0
0 0 0 0 9 9 9 0 0 0
0 0 0 0 9 9 9 0 0 0
0 0 0 0 9 9 9 0 0 0
0 0 0 0 9 9 9 0 0 0
0 0 0 0 9 9 9 0 0 0
0 0 0 0 9 9 9 0 0 9
0 0 0 0 9 9 9 0 0 9
0 0 0 0 9 9 9 0 0 9
0 0 0 0 9 9 9 0 0 9
0 0 0 0 9 9 9 0 9 0
0 0 0 0 9 9 9 0 9 0
0 0 0 0 9 9 9 0 9 0
0 0 0 0 9 9 9 0 9 0
0 0 0 0 9 9 9 0 9 0
0 0 0 0 9 9 9 0 9 9
0 0 0 0 9 9 9 0 9 9
0 0 0 0 9 9 9 0 9 9
0 0 0 0 9 9 9 0 9 9
0 0 0 0 9 9 9 0 9 9
0 0 0 0 9 9 9 0 9 9
0 0 0 0 9 9 9 2 9 9
0 0 0 0 9 9 9 4 3 9
0 0 0 0 9 9 9 4 9 9
0 0 0 0 9 9 9 9 0 0
0 0 0 0 9 9 9 9 0 0
0 0 0 0 9 9 9 9 0 0
0 0 0 0 9 9 9 9 0 0
0 0 0 0 9 9 9 9 0 0
0 0 0 0 9 9 9 9 0 0
0 0 0 0 9 9 9 9 0 0
0 0 0 0 9 9 9 9 0 0
0 0 0 0 9 9 9 9 0 0
0 0 0 0 9 9 9 9 0 9
0 0 0 0 9 9 9 9 0 9
0 0 0 0 9 9 9 9 0 9
0 0 0 0 9 9 9 9 0 9
0 0 0 0 9 9 9 9 0 9
0 0 0 0 9 9 9 9 0 9
0 0 0 0 9 9 9 9 0 9
0 0 0 0 9 9 9 9 0 9
0 0 0 0 9 9 9 9 0 9
0 0 0 0 9 9 9 9 1 0
0 0 0 0 9 9 9 9 4 0
0 0 0 0 9 9 9 9 5 0
0 0 0 0 9 9 9 9 9 0
0 0 0 0 9 9 9 9 9 0
0 0 0 0 9 9 9 9 9 0
0 0 0 0 9 9 9 9 9 0
0 0 0 0 9 9 9 9 9 0
0 0 0 0 9 9 9 9 9 0
0 0 0 0 9 9 9 9 9 0
0 0 0 0 9 9 9 9 9 0
0 0 0 0 9 9 9 9 9 0
0 0 0 0 9 9 9 9 9 0
0 0 0 0 9 9 9 9 9 0
0 0 0 0 9 9 9 9 9 0
0 0 0 0 9 9 9 9 9 0
0 0 0 0 9 9 9 9 9 5
0 0 0 0 9 9 9 9 9 9
0 0 0 0 9 9 9 9 9 9
0 0 0 0 9 9 9 9 9 9
0 0 0 0 9 9 9 9 9 9
0 0 0 0 9 9 9 9 9 9
0 0 0 0 9 9 9 9 9 9
0 0 0 0 9 9 9 9 9 9
0 0 0 0 9 9 9 9 9 9
0 0 0 0 9 9 9 9 9 9
0 0 0 0 9 9 9 9 9 9
0 0 0 0 9 9 9 9 9 9
0 0 0 0 9 9 9 9 9 9
0 0 0 0 9 9 9 9 9 9
0 0 0 0 9 9 9 9 9 9
0 0 0 0 9 9 9 9 9 9
0 0 0 0 9 9 9 9 9 9
0 0 0 0 9 9 9 9 9 9
0 0 0 0 9 9 9 9 9 9
0 0 0 0 9 9 9 9 9 9
0 0 0 0 9 9 9 9 9 9
0 0 0 0 9 9 9 9 9 9
0 0 0 0 9 9 9 9 9 9
0 0 0 0 9 9 9 9 9 9
0 0 0 0 9 9 9 9 9 9
0 0 0 1 0 2 9 9 1 9
0 0 0 1 0 6 9 0 9 9
0 0 0 1 0 9 9 9 9 9
0 0 0 2 0 0 0 0 0 0
0 0 0 2 0 0 0 0 9 9
0 0 0 2 0 9 0 9 0 0
0 0 0 2 0 9 9 0 0 0
0 0 0 2 9 0 0 0 0 0
0 0 0 2 9 0 0 9 4 9
0 0 0 2 9 3 1 0 0 0
0 0 0 5 9 9 0 9 9 0
0 0 0 5 9 9 9 0 9 0
0 0 0 6 0 0 0 0 0 0
0 0 0 6 0 0 9 0 0 0
0 0 0 6 0 9 0 0 0 0
0 0 0 6 0 9 9 9 0 0
0 0 0 6 9 9 9 9 9 9
0 0 0 9 0 0 0 0 0 0
0 0 0 9 0 0 0 0 0 0
0 0 0 9 0 0 0 0 0 0
0 0 0 9 0 0 0 0 0 0
0 0 0 9 0 0 0 0 0 0
0 0 0 9 0 0 0 0 0 0
0 0 0 9 0 0 0 0 0 0
0 0 0 9 0 0 0 0 0 0
0 0 0 9 0 0 0 0 0 0
0 0 0 9 0 0 0 0 0 0
0 0 0 9 0 0 0 0 0 0
0 0 0 9 0 0 0 0 0 0
0 0 0 9 0 0 0 0 0 0
0 0 0 9 0 0 0 0 0 0
0 0 0 9 0 0 0 0 0 0
0 0 0 9 0 0 0 0 0 0
0 0 0 9 0 0 0 0 0 0
0 0 0 9 0 0 0 0 0 0
0 0 0 9 0 0 0 0 0 0
0 0 0 9 0 0 0 0 0 0
0 0 0 9 0 0 0 0 0 0
0 0 0 9 0 0 0 0 0 0
0 0 0 9 0 0 0 0 0 0
0 0 0 9 0 0 0 0 0 0
0 0 0 9 0 0 0 0 0 0
0 0 0 9 0 0 0 0 0 0
0 0 0 9 0 0 0 0 0 0
0 0 0 9 0 0 0 0 0 0
0 0 0 9 0 0 0 0 0 0
0 0 0 9 0 0 0 0 0 0
0 0 0 9 0 0 0 0 0 0
0 0 0 9 0 0 0 0 0 0
0 0 0 9 0 0 0 0 0 0
0 0 0 9 0 0 0 0 0 0
0 0 0 9 0 0 0 0 0 0
0 0 0 9 0 0 0 0 0 0
0 0 0 9 0 0 0 0 0 0
0 0 0 9 0 0 0 0 0 0
0 0 0 9 0 0 0 0 0 0
0 0 0 9 0 0 0 0 0 0
0 0 0 9 0 0 0 0 0 0
0 0 0 9 0 0 0 0 0 0
0 0 0 9 0 0 0 0 0 0
0 0 0 9 0 0 0 0 0 0
0 0 0 9 0 0 0 0 0 0
0 0 0 9 0 0 0 0 0 0
0 0 0 9 0 0 0 0 0 0
0 0 0 9 0 0 0 0 0 0
0 0 0 9 0 0 0 0 0 0
0 0 0 9 0 0 0 0 0 0
0 0 0 9 0 0 0 0 0 0
0 0 0 9 0 0 0 0 0 0
0 0 0 9 0 0 0 0 0 0
0 0 0 9 0 0 0 0 0 0
0 0 0 9 0 0 0 0 0 0
0 0 0 9 0 0 0 0 0 0
0 0 0 9 0 0 0 0 0 0
0 0 0 9 0 0 0 0 0 0
0 0 0 9 0 0 0 0 0 0
0 0 0 9 0 0 0 0 0 0
0 0 0 9 0 0 0 0 0 0
0 0 0 9 0 0 0 0 0 0
0 0 0 9 0 0 0 0 0 0
0 0 0 9 0 0 0 0 0 0
0 0 0 9 0 0 0 0 0 0
0 0 0 9 0 0 0 0 0 0
0 0 0 9 0 0 0 0 0 0
0 0 0 9 0 0 0 0 0 0
0 0 0 9 0 0 0 0 0 0
0 0 0 9 0 0 0 0 0 0
0 0 0 9 0 0 0 0 0 0
0 0 0 9 0 0 0 0 0 0
0 0 0 9 0 0 0 0 0 0
0 0 0 9 0 0 0 0 0 0
0 0 0 9 0 0 0 0 0 0
0 0 0 9 0 0 0 0 0 0
0 0 0 9 0 0 0 0 0 0
0 0 0 9 0 0 0 0 0 0
0 0 0 9 0 0 0 0 0 0
0 0 0 9 0 0 0 0 0 0
0 0 0 9 0 0 0 0 0 0
0 0 0 9 0 0 0 0 0 0
0 0 0 9 0 0 0 0 0 0
0 0 0 9 0 0 0 0 0 0
0 0 0 9 0 0 0 0 0 0
0 0 0 9 0 0 0 0 0 0
0 0 0 9 0 0 0 0 0 0
0 0 0 9 0 0 0 0 0 0
0 0 0 9 0 0 0 0 0 0
0 0 0 9 0 0 0 0 0 0
0 0 0 9 0 0 0 0 0 0
0 0 0 9 0 0 0 0 0 0
0 0 0 9 0 0 0 0 0 2
0 0 0 9 0 0 0 0 0 9
0 0 0 9 0 0 0 0 0 9
0 0 0 9 0 0 0 0 0 9
0 0 0 9 0 0 0 0 0 9
0 0 0 9 0 0 0 0 0 9
0 0 0 9 0 0 0 0 0 9
0 0 0 9 0 0 0 0 0 9
0 0 0 9 0 0 0 0 9 9
0 0 0 9 0 0 0 0 9 9
0 0 0 9 0 0 0 0 9 9
0 0 0 9 0 0 0 0 9 9
0 0 0 9 0 0 0 0 9 9
0 0 0 9 0 0 0 2 0 0
0 0 0 9 0 0 0 9 0 0
0 0 0 9 0 0 0 9 0 0
0 0 0 9 0 0 0 9 0 0
0 0 0 9 0 0 0 9 0 0
0 0 0 9 0 0 0 9 0 0
0 0 0 9 0 0 0 9 0 0
0 0 0 9 0 0 0 9 0 9
0 0 0 9 0 0 0 9 0 9
0 0 0 9 0 0 0 9 0 9
0 0 0 9 0 0 0 9 9 8
0 0 0 9 0 0 0 9 9 9
0 0 0 9 0 0 1 2 0 0
0 0 0 9 0 0 5 0 0 0
0 0 0 9 0 0 5 0 0 0
0 0 0 9 0 0 5 0 0 9
0 0 0 9 0 0 5 9 9 9
0 0 0 9 0 0 6 0 9 9
0 0 0 9 0 0 7 9 9 0
0 0 0 9 0 0 9 0 0 0
0 0 0 9 0 0 9 0 0 0
0 0 0 9 0 0 9 0 0 0
0 0 0 9 0 0 9 0 0 0
0 0 0 9 0 0 9 0 0 0
0 0 0 9 0 0 9 0 0 0
0 0 0 9 0 0 9 0 0 0
0 0 0 9 0 0 9 0 0 9
0 0 0 9 0 0 9 0 0 9
0 0 0 9 0 0 9 0 0 9
0 0 0 9 0 0 9 0 0 9
0 0 0 9 0 0 9 0 0 9
0 0 0 9 0 0 9 0 9 0
0 0 0 9 0 0 9 0 9 9
0 0 0 9 0 0 9 3 9 9
0 0 0 9 0 0 9 4 9 9
0 0 0 9 0 0 9 8 9 0
0 0 0 9 0 0 9 9 0 0
0 0 0 9 0 0 9 9 0 0
0 0 0 9 0 0 9 9 0 2
0 0 0 9 0 0 9 9 0 9
0 0 0 9 0 0 9 9 0 9
0 0 0 9 0 0 9 9 0 9
0 0 0 9 0 0 9 9 0 9
0 0 0 9 0 0 9 9 1 9
0 0 0 9 0 0 9 9 2 2
0 0 0 9 0 0 9 9 9 0
0 0 0 9 0 0 9 9 9 0
0 0 0 9 0 0 9 9 9 0
0 0 0 9 0 0 9 9 9 0
0 0 0 9 0 0 9 9 9 2
0 0 0 9 0 0 9 9 9 8
0 0 0 9 0 0 9 9 9 9
0 0 0 9 0 0 9 9 9 9
0 0 0 9 0 0 9 9 9 9
0 0 0 9 0 0 9 9 9 9
0 0 0 9 0 2 0 0 9 9
0 0 0 9 0 2 1 9 9 2
0 0 0 9 0 2 9 0 9 9
0 0 0 9 0 2 9 9 9 9
0 0 0 9 0 2 9 9 9 9
0 0 0 9 0 4 0 0 9 9
0 0 0 9 0 5 9 9 9 9
0 0 0 9 0 6 0 0 0 0
0 0 0 9 0 7 9 9 0 9
0 0 0 9 0 9 0 0 0 0
0 0 0 9 0 9 0 0 0 0
0 0 0 9 0 9 0 0 0 0
0 0 0 9 0 9 0 0 0 0
0 0 0 9 0 9 0 0 0 0
0 0 0 9 0 9 0 0 0 0
0 0 0 9 0 9 0 0 0 0
0 0 0 9 0 9 0 0 0 0
0 0 0 9 0 9 0 0 0 0
0 0 0 9 0 9 0 0 0 0
0 0 0 9 0 9 0 0 0 0
0 0 0 9 0 9 0 0 0 0
0 0 0 9 0 9 0 0 0 9
0 0 0 9 0 9 0 0 0 9
0 0 0 9 0 9 0 0 0 9
0 0 0 9 0 9 0 0 9 0
0 0 0 9 0 9 0 0 9 0
0 0 0 9 0 9 0 0 9 9
0 0 0 9 0 9 0 0 9 9
0 0 0 9 0 9 0 4 0 0
0 0 0 9 0 9 0 6 0 9
0 0 0 9 0 9 0 6 9 9
0 0 0 9 0 9 0 9 0 0
0 0 0 9 0 9 0 9 0 0
0 0 0 9 0 9 0 9 0 0
0 0 0 9 0 9 0 9 0 2
0 0 0 9 0 9 0 9 0 9
0 0 0 9 0 9 0 9 9 0
0 0 0 9 0 9 0 9 9 0
0 0 0 9 0 9 0 9 9 9
0 0 0 9 0 9 0 9 9 9
0 0 0 9 0 9 0 9 9 9
0 0 0 9 0 9 0 9 9 9
0 0 0 9 0 9 1 0 9 0
0 0 0 9 0 9 1 9 9 9
0 0 0 9 0 9 3 0 0 0
0 0 0 9 0 9 3 9 0 0
0 0 0 9 0 9 5 9 9 9
0 0 0 9 0 9 7 0 9 0
0 0 0 9 0 9 9 0 0 0
0 0 0 9 0 9 9 0 0 0
0 0 0 9 0 9 9 0 0 0
0 0 0 9 0 9 9 0 0 0
0 0 0 9 0 9 9 0 0 0
0 0 0 9 0 9 9 0 0 0
0 0 0 9 0 9 9 0 0 0
0 0 0 9 0 9 9 0 0 0
0 0 0 9 0 9 9 0 0 0
0 0 0 9 0 9 9 0 0 9
0 0 0 9 0 9 9 0 0 9
0 0 0 9 0 9 9 0 0 9
0 0 0 9 0 9 9 0 9 0
0 0 0 9 0 9 9 0 9 1
0 0 0 9 0 9 9 0 9 4
0 0 0 9 0 9 9 0 9 4
0 0 0 9 0 9 9 3 9 9
0 0 0 9 0 9 9 6 9 9
0 0 0 9 0 9 9 9 0 0
0 0 0 9 0 9 9 9 0 0
0 0 0 9 0 9 9 9 0 0
0 0 0 9 0 9 9 9 0 9
0 0 0 9 0 9 9 9 0 9
0 0 0 9 0 9 9 9 0 9
0 0 0 9 0 9 9 9 0 9
0 0 0 9 0 9 9 9 0 9
0 0 0 9 0 9 9 9 0 9
0 0 0 9 0 9 9 9 0 9
0 0 0 9 0 9 9 9 9 0
0 0 0 9 0 9 9 9 9 0
0 0 0 9 0 9 9 9 9 0
0 0 0 9 0 9 9 9 9 0
0 0 0 9 0 9 9 9 9 1
0 0 0 9 0 9 9 9 9 4
0 0 0 9 0 9 9 9 9 9
0 0 0 9 0 9 9 9 9 9
0 0 0 9 0 9 9 9 9 9
0 0 0 9 0 9 9 9 9 9
0 0 0 9 0 9 9 9 9 9
0 0 0 9 0 9 9 9 9 9
0 0 0 9 0 9 9 9 9 9
0 0 0 9 0 9 9 9 9 9
0 0 0 9 0 9 9 9 9 9
0 0 0 9 0 9 9 9 9 9
0 0 0 9 1 0 9 0 0 0
0 0 0 9 2 0 0 0 0 0
0 0 0 9 2 0 9 0 0 0
0 0 0 9 2 9 9 0 0 0
0 0 0 9 3 9 0 9 0 0
0 0 0 9 5 0 0 9 9 9
0 0 0 9 6 0 0 0 0 0
0 0 0 9 6 0 0 0 0 0
0 0 0 9 6 0 0 0 0 0
0 0 0 9 6 9 9 0 0 9
0 0 0 9 6 9 9 9 0 6
0 0 0 9 9 0 0 0 0 0
0 0 0 9 9 0 0 0 0 0
0 0 0 9 9 0 0 0 0 0
0 0 0 9 9 0 0 0 0 0
0 0 0 9 9 0 0 0 0 0
0 0 0 9 9 0 0 0 0 0
0 0 0 9 9 0 0 0 0 0
0 0 0 9 9 0 0 0 0 0
0 0 0 9 9 0 0 0 0 0
0 0 0 9 9 0 0 0 0 0
0 0 0 9 9 0 0 0 0 0
0 0 0 9 9 0 0 0 0 0
0 0 0 9 9 0 0 0 0 0
0 0 0 9 9 0 0 0 0 0
0 0 0 9 9 0 0 0 0 0
0 0 0 9 9 0 0 0 0 0
0 0 0 9 9 0 0 0 0 0
0 0 0 9 9 0 0 0 0 0
0 0 0 9 9 0 0 0 0 0
0 0 0 9 9 0 0 0 0 0
0 0 0 9 9 0 0 0 0 0
0 0 0 9 9 0 0 0 0 9
0 0 0 9 9 0 0 0 7 0
0 0 0 9 9 0 0 2 0 9
0 0 0 9 9 0 0 9 0 0
0 0 0 9 9 0 0 9 0 0
0 0 0 9 9 0 0 9 0 9
0 0 0 9 9 0 0 9 0 9
0 0 0 9 9 0 0 9 0 9
0 0 0 9 9 0 0 9 0 9
0 0 0 9 9 0 0 9 9 0
0 0 0 9 9 0 0 9 9 9
0 0 0 9 9 0 0 9 9 9
0 0 0 9 9 0 0 9 9 9
0 0 0 9 9 0 1 9 9 9
0 0 0 9 9 0 2 2 0 9
0 0 0 9 9 0 5 9 0 9
0 0 0 9 9 0 9 0 0 0
0 0 0 9 9 0 9 0 0 0
0 0 0 9 9 0 9 0 0 0
0 0 0 9 9 0 9 0 0 0
0 0 0 9 9 0 9 0 0 0
0 0 0 9 9 0 9 0 0 0
0 0 0 9 9 0 9 0 0 9
0 0 0 9 9 0 9 0 0 9
0 0 0 9 9 0 9 0 0 9
0 0 0 9 9 0 9 0 0 9
0 0 0 9 9 0 9 0 5 9
0 0 0 9 9 0 9 0 9 0
0 0 0 9 9 0 9 0 9 0
0 0 0 9 9 0 9 0 9 9
0 0 0 9 9 0 9 2 9 9
0 0 0 9 9 0 9 9 0 0
0 0 0 9 9 0 9 9 0 0
0 0 0 9 9 0 9 9 0 9
0 0 0 9 9 0 9 9 0 9
0 0 0 9 9 0 9 9 0 9
0 0 0 9 9 0 9 9 0 9
0 0 0 9 9 0 9 9 0 9
0 0 0 9 9 0 9 9 0 9
0 0 0 9 9 0 9 9 0 9
0 0 0 9 9 0 9 9 1 9
0 0 0 9 9 0 9 9 5 9
0 0 0 9 9 0 9 9 9 0
0 0 0 9 9 0 9 9 9 0
0 0 0 9 9 0 9 9 9 6
0 0 0 9 9 0 9 9 9 9
0 0 0 9 9 0 9 9 9 9
0 0 0 9 9 0 9 9 9 9
0 0 0 9 9 0 9 9 9 9
0 0 0 9 9 0 9 9 9 9
0 0 0 9 9 0 9 9 9 9
0 0 0 9 9 0 9 9 9 9
0 0 0 9 9 1 3 0 0 0
0 0 0 9 9 2 0 9 0 9
0 0 0 9 9 2 9 0 9 9
0 0 0 9 9 2 9 9 0 0
0 0 0 9 9 2 9 9 0 9
0 0 0 9 9 2 9 9 5 0
0 0 0 9 9 2 9 9 9 9
0 0 0 9 9 7 9 0 9 9
0 0 0 9 9 7 9 9 9 9
0 0 0 9 9 9 0 0 0 0
0 0 0 9 9 9 0 0 0 0
0 0 0 9 9 9 0 0 0 0
0 0 0 9 9 9 0 0 0 0
0 0 0 9 9 9 0 0 0 0
0 0 0 9 9 9 0 0 0 0
0 0 0 9 9 9 0 0 3 9
0 0 0 9 9 9 0 0 9 0
0 0 0 9 9 9 0 0 9 9
0 0 0 9 9 9 0 9 0 0
0 0 0 9 9 9 0 9 0 9
0 0 0 9 9 9 0 9 5 9
0 0 0 9 9 9 0 9 9 0
0 0 0 9 9 9 1 0 5 0
0 0 0 9 9 9 6 0 0 0
0 0 0 9 9 9 6 9 0 9
0 0 0 9 9 9 6 9 0 9
0 0 0 9 9 9 6 9 0 9
0 0 0 9 9 9 6 9 9 9
0 0 0 9 9 9 8 0 0 0
0 0 0 9 9 9 9 0 0 0
0 0 0 9 9 9 9 0 0 0
0 0 0 9 9 9 9 0 0 0
0 0 0 9 9 9 9 0 0 0
0 0 0 9 9 9 9 0 0 0
0 0 0 9 9 9 9 0 0 0
0 0 0 9 9 9 9 0 0 0
0 0 0 9 9 9 9 0 0 0
0 0 0 9 9 9 9 0 0 0
0 0 0 9 9 9 9 0 0 0
0 0 0 9 9 9 9 0 0 9
0 0 0 9 9 9 9 0 9 0
0 0 0 9 9 9 9 0 9 0
0 0 0 9 9 9 9 0 9 0
0 0 0 9 9 9 9 0 9 9
0 0 0 9 9 9 9 0 9 9
0 0 0 9 9 9 9 0 9 9
0 0 0 9 9 9 9 0 9 9
0 0 0 9 9 9 9 0 9 9
0 0 0 9 9 9 9 0 9 9
0 0 0 9 9 9 9 0 9 9
0 0 0 9 9 9 9 0 9 9
0 0 0 9 9 9 9 3 0 0
0 0 0 9 9 9 9 6 0 0
0 0 0 9 9 9 9 9 0 0
0 0 0 9 9 9 9 9 0 0
0 0 0 9 9 9 9 9 0 0
0 0 0 9 9 9 9 9 0 0
0 0 0 9 9 9 9 9 0 0
0 0 0 9 9 9 9 9 0 0
0 0 0 9 9 9 9 9 0 0
0 0 0 9 9 9 9 9 0 0
0 0 0 9 9 9 9 9 0 0
0 0 0 9 9 9 9 9 0 6
0 0 0 9 9 9 9 9 0 9
0 0 0 9 9 9 9 9 0 9
0 0 0 9 9 9 9 9 0 9
0 0 0 9 9 9 9 9 0 9
0 0 0 9 9 9 9 9 0 9
0 0 0 9 9 9 9 9 0 9
0 0 0 9 9 9 9 9 0 9
0 0 0 9 9 9 9 9 0 9
0 0 0 9 9 9 9 9 2 9
0 0 0 9 9 9 9 9 6 9
0 0 0 9 9 9 9 9 9 0
0 0 0 9 9 9 9 9 9 0
0 0 0 9 9 9 9 9 9 0
0 0 0 9 9 9 9 9 9 0
0 0 0 9 9 9 9 9 9 0
0 0 0 9 9 9 9 9 9 0
0 0 0 9 9 9 9 9 9 0
0 0 0 9 9 9 9 9 9 0
0 0 0 9 9 9 9 9 9 0
0 0 0 9 9 9 9 9 9 0
0 0 0 9 9 9 9 9 9 0
0 0 0 9 9 9 9 9 9 2
0 0 0 9 9 9 9 9 9 8
0 0 0 9 9 9 9 9 9 9
0 0 0 9 9 9 9 9 9 9
0 0 0 9 9 9 9 9 9 9
0 0 0 9 9 9 9 9 9 9
0 0 0 9 9 9 9 9 9 9
0 0 0 9 9 9 9 9 9 9
0 0 0 9 9 9 9 9 9 9
0 0 0 9 9 9 9 9 9 9
0 0 0 9 9 9 9 9 9 9
0 0 0 9 9 9 9 9 9 9
0 0 0 9 9 9 9 9 9 9
0 0 0 9 9 9 9 9 9 9
0 0 1 9 0 9 9 9 9 9
0 0 1 9 0 9 9 9 9 9
0 0 2 0 0 0 0 0 0 0
0 0 2 0 0 0 0 0 0 0
0 0 2 0 0 0 0 0 0 0
0 0 2 0 0 0 9 9 9 0
0 0 2 0 0 0 9 9 9 0
0 0 2 0 0 9 0 0 9 0
0 0 2 0 0 9 9 0 9 0
0 0 2 0 9 9 9 9 0 9
0 0 2 9 0 0 0 0 0 0
0 0 2 9 0 0 0 0 0 0
0 0 2 9 0 9 9 9 0 9
0 0 2 9 0 9 9 9 9 0
0 0 2 9 0 9 9 9 9 2
0 0 2 9 0 9 9 9 9 9
0 0 2 9 9 0 9 9 9 9
0 0 2 9 9 0 9 9 9 9
0 0 2 9 9 9 9 0 0 4
0 0 2 9 9 9 9 3 9 9
0 0 5 0 9 9 9 9 9 9
0 0 6 0 0 0 0 0 0 0
0 0 6 0 0 0 0 0 0 0
0 0 6 0 0 0 0 0 0 0
0 0 6 0 0 0 0 0 0 0
0 0 6 0 0 0 0 0 0 0
0 0 6 0 0 0 0 0 0 0
0 0 6 0 0 0 9 9 9 9
0 0 6 0 9 9 9 9 5 0
0 0 6 9 0 0 0 0 0 0
0 0 6 9 0 0 0 0 0 0
0 0 6 9 0 0 0 0 0 0
0 0 6 9 0 9 9 9 9 9
0 0 6 9 0 9 9 9 9 9
0 0 6 9 0 9 9 9 9 9
0 0 6 9 9 0 5 8 9 9
0 0 6 9 9 9 9 0 9 9
0 0 8 0 0 0 0 0 0 0
0 0 8 9 0 9 9 9 9 9
0 0 9 0 0 0 0 0 0 0
0 0 9 0 0 0 0 0 0 0
0 0 9 0 0 0 0 0 0 0
0 0 9 0 0 0 0 0 0 0
0 0 9 0 0 0 0 0 0 0
0 0 9 0 0 0 0 0 0 0
0 0 9 0 0 0 0 0 0 0
0 0 9 0 0 0 0 0 0 0
0 0 9 0 0 0 0 0 0 0
0 0 9 0 0 0 0 0 0 0
0 0 9 0 0 0 0 0 0 0
0 0 9 0 0 0 0 0 0 0
0 0 9 0 0 0 0 0 0 0
0 0 9 0 0 0 0 0 0 0
0 0 9 0 0 0 0 0 0 0
0 0 9 0 0 0 0 0 0 0
0 0 9 0 0 0 0 0 0 0
0 0 9 0 0 0 0 0 0 0
0 0 9 0 0 0 0 0 0 0
0 0 9 0 0 0 0 0 0 0
0 0 9 0 0 0 0 0 0 0
0 0 9 0 0 0 0 0 0 0
0 0 9 0 0 0 0 0 0 0
0 0 9 0 0 0 0 0 0 0
0 0 9 0 0 0 0 0 0 0
0 0 9 0 0 0 0 0 0 0
0 0 9 0 0 0 0 0 0 0
0 0 9 0 0 0 0 0 0 0
0 0 9 0 0 0 0 0 0 0
0 0 9 0 0 0 0 0 0 0
0 0 9 0 0 0 0 0 0 0
0 0 9 0 0 0 0 0 0 0
0 0 9 0 0 0 0 0 0 0
0 0 9 0 0 0 0 0 0 0
0 0 9 0 0 0 0 0 0 0
0 0 9 0 0 0 0 0 0 0
0 0 9 0 0 0 0 0 0 0
0 0 9 0 0 0 0 0 0 0
0 0 9 0 0 0 0 0 0 0
0 0 9 0 0 0 0 0 0 0
0 0 9 0 0 0 0 0 0 0
0 0 9 0 0 0 0 0 0 0
0 0 9 0 0 0 0 0 0 0
0 0 9 0 0 0 0 0 0 0
0 0 9 0 0 0 0 0 0 0
0 0 9 0 0 0 0 0 0 0
0 0 9 0 0 0 0 0 0 0
0 0 9 0 0 0 0 0 0 0
0 0 9 0 0 0 0 0 0 0
0 0 9 0 0 0 0 0 0 0
0 0 9 0 0 0 0 0 0 0
0 0 9 0 0 0 0 0 0 0
0 0 9 0 0 0 0 0 0 0
0 0 9 0 0 0 0 0 0 0
0 0 9 0 0 0 0 0 0 0
0 0 9 0 0 0 0 0 0 0
0 0 9 0 0 0 0 0 0 0
0 0 9 0 0 0 0 0 0 0
0 0 9 0 0 0 0 0 0 0
0 0 9 0 0 0 0 0 0 0
0 0 9 0 0 0 0 0 0 0
0 0 9 0 0 0 0 0 0 0
0 0 9 0 0 0 0 0 0 0
0 0 9 0 0 0 0 0 0 0
0 0 9 0 0 0 0 0 0 0
0 0 9 0 0 0 0 0 0 0
0 0 9 0 0 0 0 0 0 0
0 0 9 0 0 0 0 0 0 0
0 0 9 0 0 0 0 0 0 0
0 0 9 0 0 0 0 0 0 0
0 0 9 0 0 0 0 0 0 0
0 0 9 0 0 0 0 0 0 0
0 0 9 0 0 0 0 0 0 0
0 0 9 0 0 0 0 0 0 0
0 0 9 0 0 0 0 0 0 0
0 0 9 0 0 0 0 0 0 0
0 0 9 0 0 0 0 0 0 0
0 0 9 0 0 0 0 0 0 0
0 0 9 0 0 0 0 0 0 0
0 0 9 0 0 0 0 0 0 0
0 0 9 0 0 0 0 0 0 0
0 0 9 0 0 0 0 0 0 0
0 0 9 0 0 0 0 0 0 0
0 0 9 0 0 0 0 0 0 0
0 0 9 0 0 0 0 0 0 0
0 0 9 0 0 0 0 0 0 0
0 0 9 0 0 0 0 0 0 0
0 0 9 0 0 0 0 0 0 0
0 0 9 0 0 0 0 0 0 0
0 0 9 0 0 0 0 0 0 0
0 0 9 0 0 0 0 0 0 0
0 0 9 0 0 0 0 0 0 0
0 0 9 0 0 0 0 0 0 0
0 0 9 0 0 0 0 0 0 0
0 0 9 0 0 0 0 0 0 0
0 0 9 0 0 0 0 0 0 0
0 0 9 0 0 0 0 0 0 0
0 0 9 0 0 0 0 0 0 0
0 0 9 0 0 0 0 0 0 0
0 0 9 0 0 0 0 0 0 0
0 0 9 0 0 0 0 0 0 0
0 0 9 0 0 0 0 0 0 0
0 0 9 0 0 0 0 0 0 0
0 0 9 0 0 0 0 0 0 0
0 0 9 0 0 0 0 0 0 0
0 0 9 0 0 0 0 0 0 0
0 0 9 0 0 0 0 0 0 0
0 0 9 0 0 0 0 0 0 0
0 0 9 0 0 0 0 0 0 0
0 0 9 0 0 0 0 0 0 0
0 0 9 0 0 0 0 0 0 0
0 0 9 0 0 0 0 0 0 0
0 0 9 0 0 0 0 0 0 0
0 0 9 0 0 0 0 0 0 9
0 0 9 0 0 0 0 0 0 9
0 0 9 0 0 0 0 0 9 0
0 0 9 0 0 0 0 0 9 0
0 0 9 0 0 0 0 0 9 9
0 0 9 0 0 0 0 0 9 9
0 0 9 0 0 0 0 0 9 9
0 0 9 0 0 0 0 9 0 0
0 0 9 0 0 0 0 9 0 0
0 0 9 0 0 0 0 9 0 0
0 0 9 0 0 0 0 9 0 2
0 0 9 0 0 0 3 0 0 9
0 0 9 0 0 0 4 9 0 0
0 0 9 0 0 0 5 0 9 9
0 0 9 0 0 0 6 9 9 0
0 0 9 0 0 0 9 0 0 0
0 0 9 0 0 0 9 0 0 0
0 0 9 0 0 0 9 0 2 0
0 0 9 0 0 0 9 0 9 9
0 0 9 0 0 0 9 0 9 9
0 0 9 0 0 0 9 2 0 9
0 0 9 0 0 0 9 9 0 0
0 0 9 0 0 0 9 9 0 0
0 0 9 0 0 0 9 9 9 0
0 0 9 0 0 0 9 9 9 9
0 0 9 0 0 0 9 9 9 9
0 0 9 0 0 6 9 9 0 0
0 0 9 0 0 9 0 0 0 0
0 0 9 0 0 9 0 0 0 0
0 0 9 0 0 9 0 0 0 0
0 0 9 0 0 9 0 0 2 9
0 0 9 0 0 9 0 9 0 0
0 0 9 0 0 9 0 9 0 0
0 0 9 0 0 9 0 9 0 9
0 0 9 0 0 9 0 9 9 3
0 0 9 0 0 9 0 9 9 6
0 0 9 0 0 9 0 9 9 9
0 0 9 0 0 9 0 9 9 9
0 0 9 0 0 9 0 9 9 9
0 0 9 0 0 9 1 9 0 9
0 0 9 0 0 9 9 0 0 0
0 0 9 0 0 9 9 0 0 0
0 0 9 0 0 9 9 0 0 0
0 0 9 0 0 9 9 0 0 0
0 0 9 0 0 9 9 0 0 0
0 0 9 0 0 9 9 0 9 0
0 0 9 0 0 9 9 0 9 9
0 0 9 0 0 9 9 0 9 9
0 0 9 0 0 9 9 0 9 9
0 0 9 0 0 9 9 0 9 9
0 0 9 0 0 9 9 4 0 9
0 0 9 0 0 9 9 9 0 0
0 0 9 0 0 9 9 9 0 9
0 0 9 0 0 9 9 9 9 0
0 0 9 0 0 9 9 9 9 0
0 0 9 0 0 9 9 9 9 4
0 0 9 0 0 9 9 9 9 9
0 0 9 0 0 9 9 9 9 9
0 0 9 0 5 9 0 9 0 0
0 0 9 0 5 9 9 0 9 6
0 0 9 0 9 0 0 0 0 0
0 0 9 0 9 0 0 0 0 0
0 0 9 0 9 0 0 0 0 0
0 0 9 0 9 0 0 0 0 0
0 0 9 0 9 0 0 0 9 0
0 0 9 0 9 0 0 9 0 4
0 0 9 0 9 0 0 9 9 9
0 0 9 0 9 0 6 9 9 9
0 0 9 0 9 0 6 9 9 9
0 0 9 0 9 0 9 0 0 0
0 0 9 0 9 0 9 0 0 0
0 0 9 0 9 0 9 7 9 9
0 0 9 0 9 0 9 9 0 4
0 0 9 0 9 0 9 9 9 0
0 0 9 0 9 0 9 9 9 9
0 0 9 0 9 5 9 6 0 8
0 0 9 0 9 5 9 9 9 0
0 0 9 0 9 6 9 9 0 9
0 0 9 0 9 9 0 0 0 0
0 0 9 0 9 9 0 0 0 0
0 0 9 0 9 9 0 0 0 9
0 0 9 0 9 9 0 0 9 0
0 0 9 0 9 9 0 2 9 9
0 0 9 0 9 9 0 9 0 9
0 0 9 0 9 9 5 9 0 0
0 0 9 0 9 9 9 0 0 0
0 0 9 0 9 9 9 0 0 0
0 0 9 0 9 9 9 0 0 0
0 0 9 0 9 9 9 0 0 0
0 0 9 0 9 9 9 0 0 9
0 0 9 0 9 9 9 0 0 9
0 0 9 0 9 9 9 0 0 9
0 0 9 0 9 9 9 0 9 9
0 0 9 0 9 9 9 0 9 9
0 0 9 0 9 9 9 9 0 9
0 0 9 1 0 0 0 9 9 0
0 0 9 1 0 9 0 0 0 0
0 0 9 2 0 0 0 0 0 0
0 0 9 2 0 0 9 0 0 9
0 0 9 2 0 9 0 0 0 0
0 0 9 2 0 9 1 9 0 0
0 0 9 2 0 9 1 9 9 9
0 0 9 2 0 9 9 9 9 9
0 0 9 2 9 9 9 0 0 0
0 0 9 2 9 9 9 9 0 9
0 0 9 3 0 9 9 9 9 9
0 0 9 5 0 0 9 9 9 9
0 0 9 5 9 0 9 9 9 9
0 0 9 6 0 0 9 0 0 0
0 0 9 6 0 9 5 9 9 0
0 0 9 6 9 0 9 9 9 9
0 0 9 6 9 9 0 9 9 0
0 0 9 6 9 9 9 0 0 0
0 0 9 7 0 9 9 9 0 9
0 0 9 7 9 0 9 6 0 0
0 0 9 9 0 0 0 0 0 0
0 0 9 9 0 0 0 0 0 0
0 0 9 9 0 0 0 0 0 0
0 0 9 9 0 0 0 0 0 0
0 0 9 9 0 0 0 0 0 0
0 0 9 9 0 0 0 0 0 0
0 0 9 9 0 0 0 0 0 0
0 0 9 9 0 0 0 0 0 0
0 0 9 9 0 0 0 0 0 0
0 0 9 9 0 0 0 0 0 0
0 0 9 9 0 0 0 0 0 0
0 0 9 9 0 0 0 0 0 0
0 0 9 9 0 0 0 0 0 0
0 0 9 9 0 0 0 0 0 0
0 0 9 9 0 0 0 0 0 0
0 0 9 9 0 0 0 0 0 0
0 0 9 9 0 0 0 0 0 0
0 0 9 9 0 0 0 0 0 0
0 0 9 9 0 0 0 0 0 0
0 0 9 9 0 0 0 0 0 0
0 0 9 9 0 0 0 0 0 0
0 0 9 9 0 0 0 0 0 0
0 0 9 9 0 0 0 0 0 0
0 0 9 9 0 0 0 0 0 0
0 0 9 9 0 0 0 0 0 0
0 0 9 9 0 0 0 0 0 0
0 0 9 9 0 0 0 0 0 0
0 0 9 9 0 0 0 0 0 0
0 0 9 9 0 0 0 0 0 0
0 0 9 9 0 0 0 0 0 0
0 0 9 9 0 0 0 0 0 0
0 0 9 9 0 0 0 0 0 0
0 0 9 9 0 0 0 0 0 0
0 0 9 9 0 0 0 0 0 0
0 0 9 9 0 0 0 0 0 9
0 0 9 9 0 0 0 0 9 0
0 0 9 9 0 0 0 0 9 0
0 0 9 9 0 0 0 0 9 0
0 0 9 9 0 0 0 0 9 9
0 0 9 9 0 0 0 9 0 0
0 0 9 9 0 0 0 9 0 0
0 0 9 9 0 0 0 9 0 0
0 0 9 9 0 0 0 9 0 0
0 0 9 9 0 0 0 9 0 0
0 0 9 9 0 0 0 9 0 0
0 0 9 9 0 0 0 9 0 0
0 0 9 9 0 0 0 9 0 0
0 0 9 9 0 0 0 9 0 9
0 0 9 9 0 0 0 9 0 9
0 0 9 9 0 0 0 9 9 0
0 0 9 9 0 0 0 9 9 9
0 0 9 9 0 0 8 0 9 0
0 0 9 9 0 0 9 0 0 0
0 0 9 9 0 0 9 0 0 0
0 0 9 9 0 0 9 0 0 0
0 0 9 9 0 0 9 0 0 9
0 0 9 9 0 0 9 0 0 9
0 0 9 9 0 0 9 0 1 9
0 0 9 9 0 0 9 0 9 0
0 0 9 9 0 0 9 0 9 0
0 0 9 9 0 0 9 0 9 0
0 0 9 9 0 0 9 0 9 9
0 0 9 9 0 0 9 0 9 9
0 0 9 9 0 0 9 2 9 9
0 0 9 9 0 0 9 4 9 9
0 0 9 9 0 0 9 6 9 0
0 0 9 9 0 0 9 9 0 0
0 0 9 9 0 0 9 9 0 0
0 0 9 9 0 0 9 9 0 0
0 0 9 9 0 0 9 9 0 0
0 0 9 9 0 0 9 9 0 9
0 0 9 9 0 0 9 9 0 9
0 0 9 9 0 0 9 9 0 9
0 0 9 9 0 0 9 9 4 9
0 0 9 9 0 0 9 9 9 0
0 0 9 9 0 0 9 9 9 0
0 0 9 9 0 0 9 9 9 9
0 0 9 9 0 0 9 9 9 9
0 0 9 9 0 0 9 9 9 9
0 0 9 9 0 0 9 9 9 9
0 0 9 9 0 0 9 9 9 9
0 0 9 9 0 0 9 9 9 9
0 0 9 9 0 0 9 9 9 9
0 0 9 9 0 0 9 9 9 9
0 0 9 9 0 1 9 9 9 0
0 0 9 9 0 2 1 0 0 0
0 0 9 9 0 2 9 0 9 9
0 0 9 9 0 9 0 0 0 0
0 0 9 9 0 9 0 0 0 0
0 0 9 9 0 9 0 0 0 0
0 0 9 9 0 9 0 0 0 0
0 0 9 9 0 9 0 0 0 0
0 0 9 9 0 9 0 0 0 0
0 0 9 9 0 9 0 0 0 0
0 0 9 9 0 9 0 0 0 0
0 0 9 9 0 9 0 0 0 0
0 0 9 9 0 9 0 0 0 0
0 0 9 9 0 9 0 0 0 0
0 0 9 9 0 9 0 0 0 9
0 0 9 9 0 9 0 0 9 0
0 0 9 9 0 9 0 0 9 0
0 0 9 9 0 9 0 0 9 9
0 0 9 9 0 9 0 0 9 9
0 0 9 9 0 9 0 9 9 0
0 0 9 9 0 9 0 9 9 0
0 0 9 9 0 9 0 9 9 0
0 0 9 9 0 9 0 9 9 9
0 0 9 9 0 9 2 0 9 0
0 0 9 9 0 9 2 2 9 9
0 0 9 9 0 9 2 3 9 9
0 0 9 9 0 9 5 0 9 8
0 0 9 9 0 9 5 9 9 9
0 0 9 9 0 9 9 0 0 0
0 0 9 9 0 9 9 0 0 0
0 0 9 9 0 9 9 0 0 0
0 0 9 9 0 9 9 0 0 0
0 0 9 9 0 9 9 0 0 0
0 0 9 9 0 9 9 0 0 0
0 0 9 9 0 9 9 0 0 9
0 0 9 9 0 9 9 0 0 9
0 0 9 9 0 9 9 0 0 9
0 0 9 9 0 9 9 0 0 9
0 0 9 9 0 9 9 0 9 9
0 0 9 9 0 9 9 0 9 9
0 0 9 9 0 9 9 0 9 9
0 0 9 9 0 9 9 2 9 9
0 0 9 9 0 9 9 7 0 0
0 0 9 9 0 9 9 9 0 0
0 0 9 9 0 9 9 9 0 0
0 0 9 9 0 9 9 9 0 9
0 0 9 9 0 9 9 9 0 9
0 0 9 9 0 9 9 9 0 9
0 0 9 9 0 9 9 9 0 9
0 0 9 9 0 9 9 9 9 0
0 0 9 9 0 9 9 9 9 0
0 0 9 9 0 9 9 9 9 0
0 0 9 9 0 9 9 9 9 0
0 0 9 9 0 9 9 9 9 0
0 0 9 9 0 9 9 9 9 0
0 0 9 9 0 9 9 9 9 9
0 0 9 9 0 9 9 9 9 9
0 0 9 9 0 9 9 9 9 9
0 0 9 9 0 9 9 9 9 9
0 0 9 9 0 9 9 9 9 9
0 0 9 9 0 9 9 9 9 9
0 0 9 9 0 9 9 9 9 9
0 0 9 9 1 0 0 0 0 0
0 0 9 9 2 9 0 0 0 9
0 0 9 9 2 9 9 0 9 9
0 0 9 9 5 9 9 0 0 0
0 0 9 9 6 9 9 9 9 0
0 0 9 9 9 0 0 0 0 0
0 0 9 9 9 0 0 0 0 0
0 0 9 9 9 0 0 0 0 0
0 0 9 9 9 0 0 0 0 0
0 0 9 9 9 0 0 0 0 0
0 0 9 9 9 0 0 0 0 0
0 0 9 9 9 0 0 0 0 0
0 0 9 9 9 0 0 0 0 0
0 0 9 9 9 0 0 0 0 0
0 0 9 9 9 0 0 0 0 0
0 0 9 9 9 0 0 0 0 0
0 0 9 9 9 0 0 0 0 0
0 0 9 9 9 0 0 0 0 0
0 0 9 9 9 0 0 0 0 0
0 0 9 9 9 0 0 0 0 0
0 0 9 9 9 0 0 0 0 0
0 0 9 9 9 0 0 0 0 9
0 0 9 9 9 0 0 0 9 9
0 0 9 9 9 0 0 9 0 0
0 0 9 9 9 0 0 9 0 0
0 0 9 9 9 0 0 9 0 9
0 0 9 9 9 0 0 9 9 9
0 0 9 9 9 0 0 9 9 9
0 0 9 9 9 0 5 9 0 9
0 0 9 9 9 0 9 0 0 0
0 0 9 9 9 0 9 0 0 0
0 0 9 9 9 0 9 0 9 9
0 0 9 9 9 0 9 0 9 9
0 0 9 9 9 0 9 9 0 0
0 0 9 9 9 0 9 9 9 9
0 0 9 9 9 0 9 9 9 9
0 0 9 9 9 0 9 9 9 9
0 0 9 9 9 0 9 9 9 9
0 0 9 9 9 0 9 9 9 9
0 0 9 9 9 3 9 9 0 0
0 0 9 9 9 6 0 9 0 0
0 0 9 9 9 6 9 0 0 0
0 0 9 9 9 6 9 9 0 0
0 0 9 9 9 6 9 9 0 9
0 0 9 9 9 6 9 9 9 8
0 0 9 9 9 6 9 9 9 9
0 0 9 9 9 7 9 9 9 0
0 0 9 9 9 9 0 0 0 0
0 0 9 9 9 9 0 0 0 0
0 0 9 9 9 9 0 0 0 0
0 0 9 9 9 9 0 0 0 0
0 0 9 9 9 9 0 0 0 0
0 0 9 9 9 9 0 0 0 0
0 0 9 9 9 9 0 0 0 0
0 0 9 9 9 9 0 0 9 0
0 0 9 9 9 9 0 0 9 0
0 0 9 9 9 9 0 0 9 9
0 0 9 9 9 9 0 0 9 9
0 0 9 9 9 9 0 0 9 9
0 0 9 9 9 9 0 0 9 9
0 0 9 9 9 9 0 0 9 9
0 0 9 9 9 9 0 0 9 9
0 0 9 9 9 9 0 9 0 0
0 0 9 9 9 9 0 9 9 9
0 0 9 9 9 9 0 9 9 9
0 0 9 9 9 9 1 0 0 0
0 0 9 9 9 9 1 3 9 0
0 0 9 9 9 9 1 9 9 0
0 0 9 9 9 9 1 9 9 9
0 0 9 9 9 9 2 0 9 9
0 0 9 9 9 9 3 9 9 9
0 0 9 9 9 9 7 9 9 9
0 0 9 9 9 9 9 0 0 0
0 0 9 9 9 9 9 0 0 0
0 0 9 9 9 9 9 0 9 0
0 0 9 9 9 9 9 0 9 9
0 0 9 9 9 9 9 0 9 9
0 0 9 9 9 9 9 2 9 9
0 0 9 9 9 9 9 2 9 9
0 0 9 9 9 9 9 7 0 9
0 0 9 9 9 9 9 8 9 9
0 0 9 9 9 9 9 9 0 0
0 0 9 9 9 9 9 9 0 0
0 0 9 9 9 9 9 9 0 0
0 0 9 9 9 9 9 9 0 0
0 0 9 9 9 9 9 9 0 0
0 0 9 9 9 9 9 9 0 9
0 0 9 9 9 9 9 9 0 9
0 0 9 9 9 9 9 9 0 9
0 0 9 9 9 9 9 9 0 9
0 0 9 9 9 9 9 9 5 5
0 0 9 9 9 9 9 9 9 0
0 0 9 9 9 9 9 9 9 0
0 0 9 9 9 9 9 9 9 8
0 0 9 9 9 9 9 9 9 9
0 0 9 9 9 9 9 9 9 9
0 0 9 9 9 9 9 9 9 9
0 0 9 9 9 9 9 9 9 9
0 0 9 9 9 9 9 9 9 9
0 0 9 9 9 9 9 9 9 9
0 0 9 9 9 9 9 9 9 9
0 0 9 9 9 9 9 9 9 9
0 0 9 9 9 9 9 9 9 9
0 0 9 9 9 9 9 9 9 9
0 0 9 9 9 9 9 9 9 9
0 0 9 9 9 9 9 9 9 9
0 9 0 0 0 0 0 0 0 0
0 9 0 0 0 0 0 0 0 0
0 9 0 0 0 0 0 0 0 0
0 9 0 0 0 0 0 0 0 0
0 9 0 0 0 0 0 0 0 0
0 9 0 0 0 0 0 0 0 0
0 9 0 0 0 0 0 0 0 0
0 9 0 0 0 0 0 0 0 0
0 9 0 0 0 0 0 0 0 0
0 9 0 0 0 0 0 0 0 0
0 9 0 0 0 0 0 0 0 0
0 9 0 0 0 0 0 0 0 0
0 9 0 0 0 0 0 0 0 0
0 9 0 0 0 0 0 0 0 0
0 9 0 0 0 0 0 0 0 0
0 9 0 0 0 0 0 0 0 0
0 9 0 0 0 0 0 0 0 0
0 9 0 0 0 0 0 0 0 0
0 9 0 0 0 0 0 0 0 0
0 9 0 0 0 0 0 0 0 0
0 9 0 0 0 0 0 0 0 0
0 9 0 0 0 0 0 0 0 0
0 9 0 0 0 0 0 0 0 0
0 9 0 0 0 0 0 0 0 0
0 9 0 0 0 0 0 0 0 0
0 9 0 0 0 0 0 0 0 0
0 9 0 0 0 0 0 0 0 0
0 9 0 0 0 0 0 0 0 0
0 9 0 0 0 0 0 0 0 0
0 9 0 0 0 0 0 0 0 0
0 9 0 0 0 0 0 0 0 0
0 9 0 0 0 0 0 0 0 0
0 9 0 0 0 0 0 0 0 0
0 9 0 0 0 0 0 0 0 0
0 9 0 0 0 0 0 0 0 0
0 9 0 0 0 0 0 0 0 0
0 9 0 0 0 0 0 0 0 0
0 9 0 0 0 0 0 0 0 0
0 9 0 0 0 0 0 0 0 0
0 9 0 0 0 0 0 0 0 0
0 9 0 0 0 0 0 0 0 0
0 9 0 0 0 0 0 0 0 0
0 9 0 0 0 0 0 0 0 0
0 9 0 0 0 0 0 0 0 0
0 9 0 0 0 0 0 0 0 0
0 9 0 0 0 0 0 0 0 0
0 9 0 0 0 0 0 0 0 0
0 9 0 0 0 0 0 0 0 0
0 9 0 0 0 0 0 0 0 0
0 9 0 0 0 0 0 0 0 0
0 9 0 0 0 0 0 0 0 0
0 9 0 0 0 0 0 0 0 0
0 9 0 0 0 0 0 0 0 0
0 9 0 0 0 0 0 0 0 0
0 9 0 0 0 0 0 0 0 0
0 9 0 0 0 0 0 0 0 0
0 9 0 0 0 0 0 0 0 0
0 9 0 0 0 0 0 0 0 0
0 9 0 0 0 0 0 0 0 0
0 9 0 0 0 0 0 0 0 0
0 9 0 0 0 0 0 0 0 0
0 9 0 0 0 0 0 0 0 0
0 9 0 0 0 0 0 0 0 0
0 9 0 0 0 0 0 0 0 0
0 9 0 0 0 0 0 0 0 0
0 9 0 0 0 0 0 0 0 0
0 9 0 0 0 0 0 0 0 0
0 9 0 0 0 0 0 0 0 0
0 9 0 0 0 0 0 0 0 0
0 9 0 0 0 0 0 0 0 0
0 9 0 0 0 0 0 0 0 0
0 9 0 0 0 0 0 0 0 0
0 9 0 0 0 0 0 0 0 0
0 9 0 0 0 0 0 0 0 0
0 9 0 0 0 0 0 0 0 0
0 9 0 0 0 0 0 0 0 0
0 9 0 0 0 0 0 0 0 0
0 9 0 0 0 0 0 0 0 0
0 9 0 0 0 0 0 0 0 0
0 9 0 0 0 0 0 0 0 0
0 9 0 0 0 0 0 0 0 0
0 9 0 0 0 0 0 0 0 0
0 9 0 0 0 0 0 0 0 0
0 9 0 0 0 0 0 0 0 0
0 9 0 0 0 0 0 0 0 0
0 9 0 0 0 0 0 0 0 0
0 9 0 0 0 0 0 0 0 0
0 9 0 0 0 0 0 0 0 0
0 9 0 0 0 0 0 0 0 0
0 9 0 0 0 0 0 0 0 0
0 9 0 0 0 0 0 0 0 9
0 9 0 0 0 0 0 0 9 0
0 9 0 0 0 0 0 0 9 0
0 9 0 0 0 0 0 0 9 0
0 9 0 0 0 0 0 0 9 0
0 9 0 0 0 0 0 0 9 0
0 9 0 0 0 0 0 0 9 0
0 9 0 0 0 0 0 9 0 0
0 9 0 0 0 0 7 0 0 0
0 9 0 0 0 0 9 0 0 0
0 9 0 0 0 0 9 0 0 0
0 9 0 0 0 0 9 0 0 0
0 9 0 0 0 0 9 0 0 0
0 9 0 0 0 0 9 0 0 0
0 9 0 0 0 0 9 0 0 0
0 9 0 0 0 0 9 0 0 0
0 9 0 0 0 0 9 0 0 0
0 9 0 0 0 0 9 0 0 0
0 9 0 0 0 0 9 0 9 0
0 9 0 0 0 0 9 0 9 9
0 9 0 0 0 0 9 9 0 0
0 9 0 0 0 0 9 9 9 9
0 9 0 0 0 3 0 0 0 0
0 9 0 0 0 6 1 0 9 0
0 9 0 0 0 6 9 9 0 9
0 9 0 0 0 9 0 0 0 0
0 9 0 0 0 9 0 0 0 0
0 9 0 0 0 9 0 0 0 0
0 9 0 0 0 9 0 0 0 0
0 9 0 0 0 9 0 0 0 0
0 9 0 0 0 9 0 0 0 0
0 9 0 0 0 9 0 0 0 9
0 9 0 0 0 9 0 9 0 0
0 9 0 0 0 9 0 9 9 8
0 9 0 0 0 9 4 9 9 0
0 9 0 0 0 9 9 0 0 0
0 9 0 0 0 9 9 0 0 0
0 9 0 0 0 9 9 0 0 9
0 9 0 0 0 9 9 0 9 9
0 9 0 0 0 9 9 9 0 0
0 9 0 0 0 9 9 9 9 9
0 9 0 0 0 9 9 9 9 9
0 9 0 0 9 0 0 0 0 0
0 9 0 0 9 0 9 0 0 0
0 9 0 0 9 0 9 9 0 0
0 9 0 0 9 0 9 9 9 0
0 9 0 0 9 9 0 9 1 0
0 9 0 0 9 9 9 0 9 8
0 9 0 0 9 9 9 9 0 0
0 9 0 0 9 9 9 9 0 9
0 9 0 0 9 9 9 9 9 9
0 9 0 0 9 9 9 9 9 9
0 9 0 1 9 9 9 9 9 9
0 9 0 2 0 0 9 9 0 0
0 9 0 2 0 9 0 0 9 9
0 9 0 2 9 0 0 9 0 0
0 9 0 2 9 2 9 9 9 9
0 9 0 5 0 9 0 0 0 0
0 9 0 6 0 0 9 2 9 9
0 9 0 6 9 9 6 9 5 9
0 9 0 6 9 9 9 0 0 0
0 9 0 6 9 9 9 0 0 0
0 9 0 9 0 0 0 0 0 0
0 9 0 9 0 0 0 0 0 0
0 9 0 9 0 0 0 0 0 0
0 9 0 9 0 0 0 0 0 0
0 9 0 9 0 0 0 0 0 0
0 9 0 9 0 0 0 0 0 0
0 9 0 9 0 0 0 0 0 0
0 9 0 9 0 0 0 0 0 0
0 9 0 9 0 0 0 0 0 0
0 9 0 9 0 0 0 0 0 0
0 9 0 9 0 0 0 0 0 9
0 9 0 9 0 0 0 0 0 9
0 9 0 9 0 0 0 0 9 0
0 9 0 9 0 0 0 9 0 0
0 9 0 9 0 0 0 9 0 9
0 9 0 9 0 0 0 9 9 9
0 9 0 9 0 0 1 9 0 0
0 9 0 9 0 0 9 0 0 0
0 9 0 9 0 0 9 0 0 0
0 9 0 9 0 0 9 0 0 0
0 9 0 9 0 0 9 9 0 0
0 9 0 9 0 0 9 9 0 0
0 9 0 9 0 0 9 9 5 9
0 9 0 9 0 0 9 9 9 0
0 9 0 9 0 0 9 9 9 0
0 9 0 9 0 0 9 9 9 4
0 9 0 9 0 0 9 9 9 9
0 9 0 9 0 0 9 9 9 9
0 9 0 9 0 2 9 9 0 0
0 9 0 9 0 4 9 9 0 8
0 9 0 9 0 9 0 0 0 0
0 9 0 9 0 9 0 0 0 0
0 9 0 9 0 9 0 9 0 9
0 9 0 9 0 9 0 9 9 8
0 9 0 9 0 9 0 9 9 9
0 9 0 9 0 9 0 9 9 9
0 9 0 9 0 9 5 0 0 0
0 9 0 9 0 9 5 9 9 9
0 9 0 9 0 9 9 0 0 0
0 9 0 9 0 9 9 0 0 0
0 9 0 9 0 9 9 0 0 0
0 9 0 9 0 9 9 0 0 9
0 9 0 9 0 9 9 0 0 9
0 9 0 9 0 9 9 0 8 9
0 9 0 9 0 9 9 9 0 9
0 9 0 9 0 9 9 9 5 9
0 9 0 9 0 9 9 9 9 0
0 9 0 9 0 9 9 9 9 9
0 9 0 9 0 9 9 9 9 9
0 9 0 9 0 9 9 9 9 9
0 9 0 9 0 9 9 9 9 9
0 9 0 9 1 9 9 0 0 0
0 9 0 9 6 0 0 0 0 0
0 9 0 9 9 0 0 0 0 0
0 9 0 9 9 0 0 0 0 0
0 9 0 9 9 0 0 0 0 0
0 9 0 9 9 0 0 0 0 0
0 9 0 9 9 0 0 0 0 0
0 9 0 9 9 0 0 0 9 0
0 9 0 9 9 0 0 0 9 9
0 9 0 9 9 0 0 9 9 9
0 9 0 9 9 0 9 0 0 0
0 9 0 9 9 0 9 0 9 0
0 9 0 9 9 0 9 0 9 0
0 9 0 9 9 0 9 0 9 9
0 9 0 9 9 0 9 9 0 0
0 9 0 9 9 0 9 9 0 0
0 9 0 9 9 0 9 9 9 9
0 9 0 9 9 0 9 9 9 9
0 9 0 9 9 6 0 9 0 9
0 9 0 9 9 7 5 9 0 0
0 9 0 9 9 9 0 9 0 0
0 9 0 9 9 9 0 9 9 0
0 9 0 9 9 9 5 9 9 6
0 9 0 9 9 9 9 0 0 0
0 9 0 9 9 9 9 0 0 0
0 9 0 9 9 9 9 0 0 0
0 9 0 9 9 9 9 0 0 0
0 9 0 9 9 9 9 0 9 9
0 9 0 9 9 9 9 0 9 9
0 9 0 9 9 9 9 9 0 0
0 9 0 9 9 9 9 9 0 0
0 9 0 9 9 9 9 9 0 0
0 9 0 9 9 9 9 9 0 0
0 9 0 9 9 9 9 9 0 0
0 9 0 9 9 9 9 9 0 9
0 9 0 9 9 9 9 9 0 9
0 9 0 9 9 9 9 9 9 0
0 9 0 9 9 9 9 9 9 0
0 9 0 9 9 9 9 9 9 9
0 9 0 9 9 9 9 9 9 9
0 9 0 9 9 9 9 9 9 9
0 9 0 9 9 9 9 9 9 9
0 9 0 9 9 9 9 9 9 9
0 9 0 9 9 9 9 9 9 9
0 9 0 9 9 9 9 9 9 9
0 9 1 0 0 0 9 9 0 9
0 9 1 0 0 0 9 9 9 0
0 9 1 0 9 0 0 0 0 0
0 9 1 9 0 0 0 0 0 0
0 9 2 0 0 0 0 0 0 0
0 9 2 0 0 0 0 0 0 0
0 9 2 0 0 0 0 9 9 9
0 9 2 0 0 2 9 0 0 0
0 9 2 0 0 9 3 9 9 0
0 9 2 0 9 0 0 0 0 0
0 9 2 9 0 0 0 0 0 0
0 9 2 9 0 0 0 0 0 0
0 9 2 9 0 0 4 9 1 9
0 9 2 9 0 9 0 0 0 0
0 9 2 9 0 9 2 0 0 9
0 9 2 9 0 9 9 0 9 9
0 9 2 9 9 0 0 0 0 9
0 9 2 9 9 9 0 0 0 0
0 9 5 6 0 9 9 9 9 9
0 9 5 9 0 0 0 9 0 0
0 9 6 0 0 0 0 0 0 0
0 9 6 0 0 0 0 0 0 0
0 9 6 0 0 0 0 0 9 9
0 9 6 0 9 9 9 0 0 0
0 9 6 1 9 9 0 0 9 9
0 9 6 5 0 9 9 6 9 9
0 9 6 6 0 0 0 0 0 0
0 9 6 6 9 0 0 9 9 9
0 9 6 6 9 9 0 0 0 0
0 9 6 6 9 9 9 6 5 9
0 9 6 9 0 0 0 0 0 0
0 9 6 9 0 0 0 0 0 0
0 9 6 9 0 0 0 0 0 0
0 9 6 9 0 0 9 0 0 0
0 9 6 9 0 0 9 0 0 9
0 9 6 9 0 0 9 0 0 9
0 9 6 9 0 9 9 0 9 5
0 9 6 9 0 9 9 4 9 9
0 9 6 9 0 9 9 9 9 9
0 9 6 9 0 9 9 9 9 9
0 9 6 9 9 0 9 0 9 0
0 9 6 9 9 9 0 0 0 9
0 9 6 9 9 9 0 9 0 0
0 9 6 9 9 9 0 9 9 0
0 9 6 9 9 9 0 9 9 9
0 9 6 9 9 9 9 0 0 0
0 9 6 9 9 9 9 0 0 0
0 9 6 9 9 9 9 0 0 0
0 9 6 9 9 9 9 0 9 9
0 9 6 9 9 9 9 0 9 9
0 9 6 9 9 9 9 9 0 9
0 9 9 0 0 0 0 0 0 0
0 9 9 0 0 0 0 0 0 0
0 9 9 0 0 0 0 0 0 0
0 9 9 0 0 0 0 0 0 0
0 9 9 0 0 0 0 0 0 0
0 9 9 0 0 0 0 0 0 0
0 9 9 0 0 0 0 0 0 0
0 9 9 0 0 0 0 0 0 0
0 9 9 0 0 0 0 0 0 0
0 9 9 0 0 0 0 0 0 0
0 9 9 0 0 0 0 0 0 0
0 9 9 0 0 0 0 0 0 0
0 9 9 0 0 0 0 0 0 0
0 9 9 0 0 0 0 0 0 0
0 9 9 0 0 0 0 0 0 0
0 9 9 0 0 0 0 0 0 0
0 9 9 0 0 0 0 0 0 0
0 9 9 0 0 0 0 0 0 0
0 9 9 0 0 0 0 0 0 0
0 9 9 0 0 0 0 0 0 0
0 9 9 0 0 0 0 0 0 0
0 9 9 0 0 0 0 0 0 0
0 9 9 0 0 0 0 0 0 0
0 9 9 0 0 0 0 0 0 0
0 9 9 0 0 0 0 0 0 0
0 9 9 0 0 0 0 0 0 0
0 9 9 0 0 0 0 0 0 0
0 9 9 0 0 0 0 0 0 0
0 9 9 0 0 0 0 0 0 0
0 9 9 0 0 0 0 0 0 9
0 9 9 0 0 0 0 0 9 0
0 9 9 0 0 0 0 0 9 0
0 9 9 0 0 0 0 0 9 0
0 9 9 0 0 0 0 0 9 9
0 9 9 0 0 0 0 9 0 0
0 9 9 0 0 0 0 9 0 0
0 9 9 0 0 0 0 9 9 0
0 9 9 0 0 0 9 0 0 0
0 9 9 0 0 0 9 0 0 0
0 9 9 0 0 0 9 0 9 9
0 9 9 0 0 0 9 0 9 9
0 9 9 0 0 0 9 0 9 9
0 9 9 0 0 0 9 0 9 9
0 9 9 0 0 0 9 0 9 9
0 9 9 0 0 0 9 6 5 9
0 9 9 0 0 0 9 9 9 0
0 9 9 0 0 0 9 9 9 0
0 9 9 0 0 0 9 9 9 2
0 9 9 0 0 0 9 9 9 9
0 9 9 0 0 0 9 9 9 9
0 9 9 0 0 0 9 9 9 9
0 9 9 0 0 0 9 9 9 9
0 9 9 0 0 1 9 9 9 9
0 9 9 0 0 7 9 9 9 9
0 9 9 0 0 9 0 0 0 0
0 9 9 0 0 9 0 0 0 0
0 9 9 0 0 9 0 9 0 0
0 9 9 0 0 9 0 9 9 9
0 9 9 0 0 9 0 9 9 9
0 9 9 0 0 9 5 0 0 0
0 9 9 0 0 9 9 0 0 0
0 9 9 0 0 9 9 0 9 0
0 9 9 0 0 9 9 0 9 9
0 9 9 0 0 9 9 9 0 0
0 9 9 0 0 9 9 9 0 0
0 9 9 0 0 9 9 9 1 9
0 9 9 0 0 9 9 9 9 9
0 9 9 0 0 9 9 9 9 9
0 9 9 0 2 9 9 9 9 9
0 9 9 0 6 9 0 0 0 9
0 9 9 0 6 9 9 9 9 0
0 9 9 0 9 0 0 0 0 0
0 9 9 0 9 0 0 0 0 0
0 9 9 0 9 0 0 0 0 0
0 9 9 0 9 0 0 0 0 0
0 9 9 0 9 0 0 0 0 0
0 9 9 0 9 0 9 0 0 0
0 9 9 0 9 0 9 0 0 0
0 9 9 0 9 0 9 0 0 9
0 9 9 0 9 0 9 9 0 9
0 9 9 0 9 0 9 9 9 0
0 9 9 0 9 9 0 0 0 0
0 9 9 0 9 9 0 9 0 0
0 9 9 0 9 9 0 9 0 9
0 9 9 0 9 9 9 0 0 0
0 9 9 0 9 9 9 0 0 0
0 9 9 0 9 9 9 0 0 9
0 9 9 0 9 9 9 0 0 9
0 9 9 0 9 9 9 9 0 6
0 9 9 0 9 9 9 9 9 0
0 9 9 0 9 9 9 9 9 9
0 9 9 1 9 9 0 9 9 9
0 9 9 2 0 0 0 0 0 0
0 9 9 2 0 0 0 0 9 9
0 9 9 2 0 9 0 0 0 0
0 9 9 2 9 0 0 0 0 0
0 9 9 2 9 0 9 9 9 0
0 9 9 2 9 0 9 9 9 9
0 9 9 2 9 9 0 0 0 0
0 9 9 2 9 9 0 0 0 1
0 9 9 2 9 9 9 0 9 9
0 9 9 2 9 9 9 9 0 0
0 9 9 2 9 9 9 9 0 9
0 9 9 3 0 0 9 9 9 9
0 9 9 5 9 0 0 0 0 0
0 9 9 6 0 0 0 0 0 0
0 9 9 6 0 0 0 0 0 0
0 9 9 6 0 0 9 0 0 9
0 9 9 6 0 9 0 0 0 0
0 9 9 6 0 9 9 0 0 0
0 9 9 6 0 9 9 0 9 9
0 9 9 6 0 9 9 9 9 8
0 9 9 6 6 0 0 0 0 0
0 9 9 6 9 0 0 9 9 9
0 9 9 6 9 9 9 9 0 0
0 9 9 6 9 9 9 9 0 9
0 9 9 9 0 0 0 0 0 0
0 9 9 9 0 0 0 0 0 0
0 9 9 9 0 0 0 0 0 0
0 9 9 9 0 0 0 0 0 0
0 9 9 9 0 0 0 0 0 0
0 9 9 9 0 0 0 0 0 0
0 9 9 9 0 0 0 0 0 0
0 9 9 9 0 0 0 0 0 0
0 9 9 9 0 0 0 0 0 0
0 9 9 9 0 0 0 0 0 0
0 9 9 9 0 0 0 0 0 0
0 9 9 9 0 0 0 0 0 0
0 9 9 9 0 0 0 0 0 0
0 9 9 9 0 0 0 0 0 0
0 9 9 9 0 0 0 0 0 0
0 9 9 9 0 0 0 0 0 0
0 9 9 9 0 0 0 0 0 0
0 9 9 9 0 0 0 0 0 0
0 9 9 9 0 0 0 0 0 0
0 9 9 9 0 0 0 0 0 0
0 9 9 9 0 0 0 0 0 0
0 9 9 9 0 0 0 0 0 0
0 9 9 9 0 0 0 0 0 9
0 9 9 9 0 0 0 9 9 0
0 9 9 9 0 0 0 9 9 0
0 9 9 9 0 0 0 9 9 0
0 9 9 9 0 0 0 9 9 4
0 9 9 9 0 0 0 9 9 9
0 9 9 9 0 0 5 9 0 0
0 9 9 9 0 0 5 9 9 0
0 9 9 9 0 0 6 9 9 9
0 9 9 9 0 0 9 0 0 0
0 9 9 9 0 0 9 0 0 0
0 9 9 9 0 0 9 0 0 0
0 9 9 9 0 0 9 0 0 0
0 9 9 9 0 0 9 0 0 0
0 9 9 9 0 0 9 0 9 9
0 9 9 9 0 0 9 6 9 9
0 9 9 9 0 0 9 7 4 0
0 9 9 9 0 0 9 9 0 0
0 9 9 9 0 0 9 9 0 0
0 9 9 9 0 0 9 9 0 0
0 9 9 9 0 0 9 9 0 0
0 9 9 9 0 0 9 9 0 9
0 9 9 9 0 0 9 9 0 9
0 9 9 9 0 0 9 9 9 0
0 9 9 9 0 0 9 9 9 9
0 9 9 9 0 0 9 9 9 9
0 9 9 9 0 1 9 0 9 0
0 9 9 9 0 9 0 0 0 0
0 9 9 9 0 9 0 0 0 0
0 9 9 9 0 9 0 0 0 0
0 9 9 9 0 9 0 0 0 0
0 9 9 9 0 9 0 0 0 0
0 9 9 9 0 9 0 0 0 0
0 9 9 9 0 9 0 0 0 0
0 9 9 9 0 9 0 0 0 0
0 9 9 9 0 9 0 0 0 0
0 9 9 9 0 9 0 0 9 0
0 9 9 9 0 9 0 0 9 0
0 9 9 9 0 9 0 0 9 0
0 9 9 9 0 9 0 2 9 2
0 9 9 9 0 9 0 9 0 0
0 9 9 9 0 9 0 9 0 9
0 9 9 9 0 9 0 9 5 8
0 9 9 9 0 9 0 9 9 0
0 9 9 9 0 9 0 9 9 0
0 9 9 9 0 9 0 9 9 0
0 9 9 9 0 9 0 9 9 9
0 9 9 9 0 9 0 9 9 9
0 9 9 9 0 9 0 9 9 9
0 9 9 9 0 9 0 9 9 9
0 9 9 9 0 9 0 9 9 9
0 9 9 9 0 9 1 9 9 9
0 9 9 9 0 9 2 9 1 9
0 9 9 9 0 9 5 9 9 9
0 9 9 9 0 9 9 0 0 0
0 9 9 9 0 9 9 0 0 0
0 9 9 9 0 9 9 0 0 0
0 9 9 9 0 9 9 0 0 0
0 9 9 9 0 9 9 0 0 9
0 9 9 9 0 9 9 0 4 0
0 9 9 9 0 9 9 0 9 0
0 9 9 9 0 9 9 0 9 0
0 9 9 9 0 9 9 0 9 9
0 9 9 9 0 9 9 0 9 9
0 9 9 9 0 9 9 0 9 9
0 9 9 9 0 9 9 2 0 0
0 9 9 9 0 9 9 3 0 9
0 9 9 9 0 9 9 4 0 9
0 9 9 9 0 9 9 6 9 8
0 9 9 9 0 9 9 6 9 9
0 9 9 9 0 9 9 9 0 0
0 9 9 9 0 9 9 9 0 0
0 9 9 9 0 9 9 9 0 9
0 9 9 9 0 9 9 9 0 9
0 9 9 9 0 9 9 9 0 9
0 9 9 9 0 9 9 9 0 9
0 9 9 9 0 9 9 9 0 9
0 9 9 9 0 9 9 9 1 9
0 9 9 9 0 9 9 9 9 0
0 9 9 9 0 9 9 9 9 0
0 9 9 9 0 9 9 9 9 0
0 9 9 9 0 9 9 9 9 0
0 9 9 9 0 9 9 9 9 0
0 9 9 9 0 9 9 9 9 0
0 9 9 9 0 9 9 9 9 4
0 9 9 9 0 9 9 9 9 8
0 9 9 9 0 9 9 9 9 9
0 9 9 9 0 9 9 9 9 9
0 9 9 9 0 9 9 9 9 9
0 9 9 9 0 9 9 9 9 9
0 9 9 9 0 9 9 9 9 9
0 9 9 9 0 9 9 9 9 9
0 9 9 9 0 9 9 9 9 9
0 9 9 9 0 9 9 9 9 9
0 9 9 9 0 9 9 9 9 9
0 9 9 9 0 9 9 9 9 9
0 9 9 9 0 9 9 9 9 9
0 9 9 9 2 9 9 9 9 9
0 9 9 9 6 9 0 9 9 9
0 9 9 9 6 9 9 9 8 9
0 9 9 9 7 9 9 0 9 9
0 9 9 9 7 9 9 9 9 9
0 9 9 9 9 0 0 0 0 0
0 9 9 9 9 0 0 0 0 0
0 9 9 9 9 0 0 0 0 0
0 9 9 9 9 0 0 0 0 0
0 9 9 9 9 0 0 0 0 0
0 9 9 9 9 0 0 0 0 0
0 9 9 9 9 0 0 0 0 0
0 9 9 9 9 0 0 0 0 0
0 9 9 9 9 0 0 9 9 0
0 9 9 9 9 0 0 9 9 0
0 9 9 9 9 0 2 9 0 9
0 9 9 9 9 0 5 9 0 8
0 9 9 9 9 0 9 0 0 9
0 9 9 9 9 0 9 0 0 9
0 9 9 9 9 0 9 0 9 9
0 9 9 9 9 0 9 9 0 9
0 9 9 9 9 0 9 9 9 0
0 9 9 9 9 0 9 9 9 2
0 9 9 9 9 0 9 9 9 6
0 9 9 9 9 2 0 0 0 0
0 9 9 9 9 2 0 0 0 0
0 9 9 9 9 2 9 0 0 0
0 9 9 9 9 6 9 9 0 0
0 9 9 9 9 6 9 9 9 9
0 9 9 9 9 6 9 9 9 9
0 9 9 9 9 7 9 9 9 9
0 9 9 9 9 9 0 0 0 0
0 9 9 9 9 9 0 0 0 0
0 9 9 9 9 9 0 0 0 0
0 9 9 9 9 9 0 0 0 0
0 9 9 9 9 9 0 0 0 0
0 9 9 9 9 9 0 0 0 0
0 9 9 9 9 9 0 0 0 0
0 9 9 9 9 9 0 0 0 0
0 9 9 9 9 9 0 0 0 0
0 9 9 9 9 9 0 0 9 0
0 9 9 9 9 9 0 0 9 9
0 9 9 9 9 9 0 9 0 4
0 9 9 9 9 9 0 9 0 9
0 9 9 9 9 9 0 9 0 9
0 9 9 9 9 9 0 9 0 9
0 9 9 9 9 9 0 9 9 9
0 9 9 9 9 9 0 9 9 9
0 9 9 9 9 9 0 9 9 9
0 9 9 9 9 9 2 9 9 0
0 9 9 9 9 9 6 9 9 0
0 9 9 9 9 9 9 0 0 0
0 9 9 9 9 9 9 0 0 0
0 9 9 9 9 9 9 0 0 0
0 9 9 9 9 9 9 0 0 0
0 9 9 9 9 9 9 0 0 0
0 9 9 9 9 9 9 0 0 0
0 9 9 9 9 9 9 0 0 9
0 9 9 9 9 9 9 0 0 9
0 9 9 9 9 9 9 0 5 0
0 9 9 9 9 9 9 0 9 0
0 9 9 9 9 9 9 0 9 9
0 9 9 9 9 9 9 0 9 9
0 9 9 9 9 9 9 0 9 9
0 9 9 9 9 9 9 0 9 9
0 9 9 9 9 9 9 0 9 9
0 9 9 9 9 9 9 6 0 9
0 9 9 9 9 9 9 7 0 0
0 9 9 9 9 9 9 9 0 0
0 9 9 9 9 9 9 9 0 0
0 9 9 9 9 9 9 9 0 0
0 9 9 9 9 9 9 9 0 0
0 9 9 9 9 9 9 9 0 0
0 9 9 9 9 9 9 9 0 0
0 9 9 9 9 9 9 9 0 8
0 9 9 9 9 9 9 9 0 9
0 9 9 9 9 9 9 9 0 9
0 9 9 9 9 9 9 9 0 9
0 9 9 9 9 9 9 9 0 9
0 9 9 9 9 9 9 9 9 0
0 9 9 9 9 9 9 9 9 0
0 9 9 9 9 9 9 9 9 0
0 9 9 9 9 9 9 9 9 0
0 9 9 9 9 9 9 9 9 0
0 9 9 9 9 9 9 9 9 0
0 9 9 9 9 9 9 9 9 5
0 9 9 9 9 9 9 9 9 8
0 9 9 9 9 9 9 9 9 8
0 9 9 9 9 9 9 9 9 9
0 9 9 9 9 9 9 9 9 9
0 9 9 9 9 9 9 9 9 9
0 9 9 9 9 9 9 9 9 9
0 9 9 9 9 9 9 9 9 9
0 9 9 9 9 9 9 9 9 9
0 9 9 9 9 9 9 9 9 9
0 9 9 9 9 9 9 9 9 9
0 9 9 9 9 9 9 9 9 9
0 9 9 9 9 9 9 9 9 9
9 0 0 0 0 0 0 0 0 0
9 0 0 0 0 0 0 0 0 0
9 0 0 0 0 0 0 0 0 0
9 0 0 0 0 0 0 0 0 0
9 0 0 0 0 0 0 0 0 0
9 0 0 0 0 0 0 0 0 0
9 0 0 0 0 0 0 0 0 0
9 0 0 0 0 0 0 0 0 0
9 0 0 0 0 0 0 0 0 0
9 0 0 0 0 0 0 0 0 0
9 0 0 0 0 0 0 0 0 0
9 0 0 0 0 0 0 0 0 0
9 0 0 0 0 0 0 0 0 0
9 0 0 0 0 0 0 0 0 0
9 0 0 0 0 0 0 0 0 0
9 0 0 0 0 0 0 0 0 0
9 0 0 0 0 0 0 0 0 0
9 0 0 0 0 0 0 0 0 0
9 0 0 0 0 0 0 0 0 0
9 0 0 0 0 0 0 0 0 0
9 0 0 0 0 0 0 0 0 0
9 0 0 0 0 0 0 0 0 0
9 0 0 0 0 0 0 0 0 0
9 0 0 0 0 0 0 0 0 0
9 0 0 0 0 0 0 0 0 0
9 0 0 0 0 0 0 0 0 0
9 0 0 0 0 0 0 0 0 0
9 0 0 0 0 0 0 0 0 0
9 0 0 0 0 0 0 0 0 0
9 0 0 0 0 0 0 0 0 0
9 0 0 0 0 0 0 0 0 0
9 0 0 0 0 0 0 0 0 0
9 0 0 0 0 0 0 0 0 0
9 0 0 0 0 0 0 0 0 0
9 0 0 0 0 0 9 0 0 0
9 0 0 0 0 0 9 9 9 9
9 0 0 0 0 9 9 9 0 9
9 0 0 0 9 0 0 0 0 9
9 0 0 0 9 0 0 0 9 9
9 0 0 0 9 0 9 0 0 0
9 0 0 0 9 0 9 9 9 9
9 0 0 0 9 9 9 9 9 9
9 0 0 6 9 5 9 0 9 8
9 0 0 9 0 0 0 0 0 0
9 0 0 9 0 0 0 0 0 0
9 0 0 9 0 0 0 0 0 0
9 0 0 9 0 0 0 9 0 9
9 0 0 9 0 0 9 9 0 0
9 0 0 9 0 0 9 9 9 9
9 0 0 9 0 9 0 0 9 9
9 0 0 9 0 9 0 0 9 9
9 0 0 9 0 9 7 0 0 0
9 0 0 9 0 9 9 0 0 9
9 0 0 9 2 9 9 9 9 9
9 0 0 9 9 0 0 0 0 0
9 0 0 9 9 0 0 0 0 0
9 0 0 9 9 0 0 0 0 0
9 0 0 9 9 0 9 4 0 0
9 0 0 9 9 9 0 0 0 0
9 0 0 9 9 9 0 0 0 0
9 0 0 9 9 9 9 0 0 0
9 0 0 9 9 9 9 9 0 9
9 0 0 9 9 9 9 9 9 9
9 0 2 0 0 0 0 0 0 0
9 0 2 0 0 0 0 9 9 9
9 0 2 9 0 0 0 0 0 0
9 0 6 0 0 0 0 0 0 0
9 0 6 0 9 9 9 0 0 0
9 0 6 9 2 0 0 0 0 0
9 0 9 0 0 0 0 0 0 0
9 0 9 0 0 0 0 0 0 0
9 0 9 0 0 0 0 0 0 0
9 0 9 0 0 0 0 0 0 0
9 0 9 0 0 0 0 0 0 0
9 0 9 0 0 0 0 0 0 0
9 0 9 0 0 0 0 0 0 0
9 0 9 0 0 0 9 0 0 0
9 0 9 0 0 0 9 0 1 9
9 0 9 0 0 0 9 9 9 9
9 0 9 0 0 9 0 0 0 0
9 0 9 0 0 9 0 0 0 9
9 0 9 0 0 9 0 0 9 9
9 0 9 0 0 9 0 9 9 9
9 0 9 0 0 9 9 9 9 9
9 0 9 0 0 9 9 9 9 9
9 0 9 0 9 0 0 9 0 0
9 0 9 0 9 0 9 9 5 9
9 0 9 0 9 0 9 9 9 9
9 0 9 0 9 9 9 9 9 9
9 0 9 2 9 0 0 0 0 0
9 0 9 5 9 9 0 9 9 9
9 0 9 6 9 9 0 0 0 0
9 0 9 6 9 9 9 9 9 9
9 0 9 9 0 0 0 0 0 0
9 0 9 9 0 0 0 0 0 0
9 0 9 9 0 0 0 0 0 0
9 0 9 9 0 0 9 0 0 0
9 0 9 9 0 0 9 9 0 9
9 0 9 9 0 0 9 9 9 0
9 0 9 9 0 0 9 9 9 0
9 0 9 9 0 0 9 9 9 9
9 0 9 9 0 0 9 9 9 9
9 0 9 9 0 2 9 9 9 9
9 0 9 9 0 9 0 0 0 9
9 0 9 9 0 9 9 0 0 0
9 0 9 9 0 9 9 0 0 0
9 0 9 9 0 9 9 0 0 0
9 0 9 9 0 9 9 0 0 9
9 0 9 9 0 9 9 0 9 9
9 0 9 9 0 9 9 9 9 9
9 0 9 9 0 9 9 9 9 9
9 0 9 9 9 0 0 0 0 0
9 0 9 9 9 0 7 9 0 9
9 0 9 9 9 0 9 0 0 0
9 0 9 9 9 0 9 0 0 0
9 0 9 9 9 0 9 9 9 0
9 0 9 9 9 6 0 0 0 0
9 0 9 9 9 9 0 0 0 0
9 0 9 9 9 9 0 9 9 9
9 0 9 9 9 9 5 0 0 0
9 0 9 9 9 9 9 0 0 0
9 0 9 9 9 9 9 0 9 5
9 0 9 9 9 9 9 0 9 9
9 0 9 9 9 9 9 0 9 9
9 0 9 9 9 9 9 9 0 0
9 0 9 9 9 9 9 9 9 6
9 0 9 9 9 9 9 9 9 8
9 9 0 0 0 0 0 0 0 0
9 9 0 0 0 0 0 0 0 0
9 9 0 0 0 0 0 0 0 0
9 9 0 0 0 0 0 0 0 0
9 9 0 0 0 0 0 0 0 0
9 9 0 0 0 0 0 0 0 0
9 9 0 0 0 0 0 0 0 0
9 9 0 0 0 0 0 0 0 0
9 9 0 0 0 0 0 0 1 0
9 9 0 0 0 0 0 9 9 0
9 9 0 0 0 0 2 9 0 0
9 9 0 0 0 0 5 0 0 0
9 9 0 0 0 0 9 9 9 9
9 9 0 0 0 2 0 9 9 9
9 9 0 0 0 9 0 0 0 0
9 9 0 0 0 9 0 9 0 9
9 9 0 0 0 9 1 0 2 0
9 9 0 0 9 0 0 0 0 0
9 9 0 0 9 7 9 9 0 0
9 9 0 0 9 9 0 0 9 9
9 9 0 0 9 9 9 0 9 0
9 9 0 0 9 9 9 9 4 9
9 9 0 5 9 9 9 9 9 0
9 9 0 6 0 9 9 9 9 9
9 9 0 9 0 0 0 0 0 0
9 9 0 9 0 0 0 0 0 0
9 9 0 9 0 0 0 0 0 0
9 9 0 9 0 0 9 9 0 0
9 9 0 9 0 9 0 9 9 2
9 9 0 9 0 9 9 0 0 0
9 9 0 9 0 9 9 9 0 0
9 9 0 9 0 9 9 9 5 9
9 9 0 9 0 9 9 9 9 0
9 9 0 9 0 9 9 9 9 9
9 9 0 9 6 0 9 9 9 9
9 9 0 9 9 0 0 0 0 0
9 9 0 9 9 0 0 0 0 0
9 9 0 9 9 0 0 0 0 6
9 9 0 9 9 0 9 0 0 0
9 9 0 9 9 0 9 0 9 8
9 9 0 9 9 5 6 9 9 9
9 9 0 9 9 9 9 9 9 0
9 9 0 9 9 9 9 9 9 9
9 9 0 9 9 9 9 9 9 9
9 9 2 0 0 0 0 0 0 0
9 9 5 0 0 0 0 0 0 0
9 9 6 0 0 0 0 0 0 0
9 9 6 9 0 0 9 9 0 0
9 9 6 9 0 0 9 9 9 9
9 9 6 9 0 9 9 9 9 9
9 9 6 9 9 0 9 9 0 9
9 9 6 9 9 9 9 0 0 0
9 9 8 9 0 0 9 9 0 9
9 9 9 0 0 0 0 0 0 0
9 9 9 0 0 0 0 0 0 0
9 9 9 0 0 0 0 0 0 9
9 9 9 0 0 0 9 0 0 9
9 9 9 0 0 0 9 9 0 0
9 9 9 0 0 9 0 9 9 4
9 9 9 0 0 9 0 9 9 9
9 9 9 0 0 9 9 0 0 0
9 9 9 0 0 9 9 0 0 0
9 9 9 0 0 9 9 9 0 0
9 9 9 0 5 0 9 9 9 9
9 9 9 0 9 0 0 0 0 9
9 9 9 0 9 0 0 9 9 0
9 9 9 0 9 0 9 9 0 9
9 9 9 0 9 9 9 9 9 9
9 9 9 1 0 0 9 0 9 0
9 9 9 2 9 0 9 9 9 9
9 9 9 2 9 9 0 9 0 0
9 9 9 5 0 0 0 0 0 0
9 9 9 6 6 9 0 0 0 0
9 9 9 6 9 0 9 9 0 9
9 9 9 7 9 9 9 0 0 0
9 9 9 9 0 0 0 0 0 0
9 9 9 9 0 0 0 0 0 0
9 9 9 9 0 0 0 0 0 0
9 9 9 9 0 0 0 0 0 0
9 9 9 9 0 0 0 9 0 9
9 9 9 9 0 0 0 9 9 4
9 9 9 9 0 0 9 0 0 0
9 9 9 9 0 0 9 0 0 0
9 9 9 9 0 0 9 0 9 9
9 9 9 9 0 0 9 9 0 9
9 9 9 9 0 6 9 9 0 9
9 9 9 9 0 9 0 0 0 0
9 9 9 9 0 9 0 0 0 0
9 9 9 9 0 9 0 0 0 0
9 9 9 9 0 9 0 0 9 0
9 9 9 9 0 9 0 9 0 0
9 9 9 9 0 9 0 9 0 9
9 9 9 9 0 9 0 9 9 0
9 9 9 9 0 9 9 0 0 0
9 9 9 9 0 9 9 0 9 0
9 9 9 9 0 9 9 0 9 9
9 9 9 9 0 9 9 9 0 0
9 9 9 9 0 9 9 9 9 0
9 9 9 9 0 9 9 9 9 8
9 9 9 9 0 9 9 9 9 9
9 9 9 9 0 9 9 9 9 9
9 9 9 9 0 9 9 9 9 9
9 9 9 9 6 9 9 9 9 9
9 9 9 9 9 0 0 0 0 0
9 9 9 9 9 0 0 0 0 0
9 9 9 9 9 0 0 0 0 0
9 9 9 9 9 0 0 6 0 0
9 9 9 9 9 0 0 9 0 0
9 9 9 9 9 0 0 9 0 9
9 9 9 9 9 0 0 9 0 9
9 9 9 9 9 0 0 9 1 9
9 9 9 9 9 0 0 9 9 9
9 9 9 9 9 0 6 0 0 0
9 9 9 9 9 0 9 9 0 9
9 9 9 9 9 6 9 0 9 0
9 9 9 9 9 9 0 9 0 9
9 9 9 9 9 9 0 9 9 6
9 9 9 9 9 9 0 9 9 9
9 9 9 9 9 9 1 4 9 0
9 9 9 9 9 9 9 0 0 9
9 9 9 9 9 9 9 0 5 9
9 9 9 9 9 9 9 0 9 9
9 9 9 9 9 9 9 7 9 9
9 9 9 9 9 9 9 9 0 9
9 9 9 9 9 9 9 9 8 8
9 9 9 9 9 9 9 9 9 9
